Box 05 , z = 6 , logM[Msun] = 6.5 - 7.0 :
	 r[Mpc]	 [0.01790078 0.02253574 0.02837082 0.03571675 0.04496472 0.05660723 0.07126428 0.08971641 0.11294627 0.14219093 0.17900778 0.22535744 0.2837082  0.35716747 0.4496472  0.56607229 0.71264279 0.89716412 1.12946271 1.4219093  1.79007775 2.25357437 2.83708205]
	 xi	 [1.24015252e+01 1.03854693e+01 8.63877376e+00 7.13448027e+00 5.86962042e+00 4.83806532e+00 3.94626020e+00 3.17912206e+00 2.51961017e+00 1.98163452e+00 1.54578294e+00 1.20298889e+00 9.39360920e-01 7.33060558e-01 5.64826354e-01 4.25231107e-01 3.08435749e-01 2.19100641e-01 1.49474619e-01 9.25327489e-02 5.66654124e-02 2.75523100e-02 5.03693993e-03]
	 xi_err	 [0.39708887 0.39312465 0.39980551 0.39540413 0.3918599  0.37875719 0.34543391 0.31571941 0.27423853 0.2206219  0.1742649  0.13615637 0.1076509  0.08794028 0.07208492 0.05812792 0.04621265 0.03547245 0.0269933  0.01979215 0.01389203 0.00918515 0.00656272]


Box 05 , z = 6 , logM[Msun] = 7 - 7.5 :
	 r[Mpc]	 [0.01790078 0.02253574 0.02837082 0.03571675 0.04496472 0.05660723 0.07126428 0.08971641 0.11294627 0.14219093 0.17900778 0.22535744 0.2837082  0.35716747 0.4496472  0.56607229 0.71264279 0.89716412 1.12946271 1.4219093  1.79007775 2.25357437 2.83708205]
	 xi	 [1.65713843e+01 1.30383008e+01 1.06539594e+01 8.72860414e+00 7.05144854e+00 5.72914531e+00 4.63074115e+00 3.65817743e+00 2.92470839e+00 2.28450555e+00 1.75348975e+00 1.36353973e+00 1.05915878e+00 8.22551353e-01 6.30584980e-01 4.77897931e-01 3.42674740e-01 2.43760564e-01 1.67282399e-01 1.02387540e-01 6.15734870e-02 3.02299407e-02 4.70281986e-03]
	 xi_err	 [0.5417369  0.47678295 0.44778911 0.44982347 0.42978399 0.41616462 0.38038401 0.34129882 0.30985919 0.25522294 0.19307964 0.14809267 0.11949528 0.09809751 0.07857216 0.06568656 0.05095186 0.03932236 0.02990772 0.02163858 0.01476883 0.01009934 0.00746041]


Box 05 , z = 6 , logM[Msun] = 7.5 - 8.0 :
	 r[Mpc]	 [0.01790078 0.02253574 0.02837082 0.03571675 0.04496472 0.05660723 0.07126428 0.08971641 0.11294627 0.14219093 0.17900778 0.22535744 0.2837082  0.35716747 0.4496472  0.56607229 0.71264279 0.89716412 1.12946271 1.4219093  1.79007775 2.25357437 2.83708205]
	 xi	 [2.45748852e+01 1.81151133e+01 1.36870623e+01 1.07695728e+01 8.81295747e+00 6.82699808e+00 5.38465476e+00 4.37966554e+00 3.43757299e+00 2.68308185e+00 2.04903199e+00 1.56840575e+00 1.24130353e+00 9.60830353e-01 7.28795865e-01 5.34583150e-01 3.87202202e-01 2.70517372e-01 1.79714471e-01 1.04904072e-01 6.48759124e-02 3.09535445e-02 4.89110386e-03]
	 xi_err	 [0.56075951 0.61472891 0.53891735 0.54144128 0.48579376 0.46741017 0.41125237 0.38002494 0.34051982 0.27116331 0.2057448  0.15431105 0.13112002 0.11447727 0.08895338 0.07088213 0.05580625 0.04192064 0.03157331 0.022343   0.0165025  0.01128685 0.00807975]


Box 05 , z = 6 , logM[Msun] = 8 - 8.5 :
	 r[Mpc]	 [0.01790078 0.02253574 0.02837082 0.03571675 0.04496472 0.05660723 0.07126428 0.08971641 0.11294627 0.14219093 0.17900778 0.22535744 0.2837082  0.35716747 0.4496472  0.56607229 0.71264279 0.89716412 1.12946271 1.4219093  1.79007775 2.25357437 2.83708205]
	 xi	 [5.62301797e+01 3.20508999e+01 2.07706441e+01 1.51173243e+01 1.10902740e+01 8.58048896e+00 6.70436205e+00 5.32209240e+00 4.19428609e+00 3.19291442e+00 2.50464305e+00 1.92896014e+00 1.44670410e+00 1.15418080e+00 8.66386113e-01 6.53284424e-01 4.72205943e-01 3.29919988e-01 2.19665374e-01 1.28580316e-01 8.31229049e-02 4.42898732e-02 7.43028311e-03]
	 xi_err	 [1.48784353 0.92653779 0.80282747 0.80860377 0.72513552 0.63700841 0.52084924 0.47258047 0.41838495 0.33956884 0.28320096 0.23748051 0.16586979 0.14775844 0.1194216  0.09973532 0.07803216 0.05845931 0.04393084 0.03002965 0.02062755 0.01427465 0.01009081]


Box 05 , z = 7 , logM[Msun] = 6.5 - 7.0 :
	 r[Mpc]	 [0.01790078 0.02253574 0.02837082 0.03571675 0.04496472 0.05660723 0.07126428 0.08971641 0.11294627 0.14219093 0.17900778 0.22535744 0.2837082  0.35716747 0.4496472  0.56607229 0.71264279 0.89716412 1.12946271 1.4219093  1.79007775 2.25357437 2.83708205]
	 xi	 [1.22003880e+01 9.87477022e+00 8.04172023e+00 6.51396208e+00 5.22431600e+00 4.20862729e+00 3.36152934e+00 2.69978431e+00 2.14239534e+00 1.69546506e+00 1.34622292e+00 1.06425916e+00 8.40020007e-01 6.58377783e-01 5.14589155e-01 3.92536521e-01 2.84848519e-01 2.02749778e-01 1.39413383e-01 8.62046987e-02 5.18152050e-02 2.52134212e-02 4.26622574e-03]
	 xi_err	 [0.39137464 0.38660896 0.38503727 0.36847845 0.33493471 0.29977351 0.27205746 0.24640565 0.20718106 0.16565049 0.13317422 0.10901058 0.08860602 0.07199122 0.06137702 0.05078812 0.04019417 0.03188689 0.02473899 0.01823436 0.01294666 0.00850805 0.00597673]


Box 05 , z = 7 , logM[Msun] = 7 - 7.5 :
	 r[Mpc]	 [0.01790078 0.02253574 0.02837082 0.03571675 0.04496472 0.05660723 0.07126428 0.08971641 0.11294627 0.14219093 0.17900778 0.22535744 0.2837082  0.35716747 0.4496472  0.56607229 0.71264279 0.89716412 1.12946271 1.4219093  1.79007775 2.25357437 2.83708205]
	 xi	 [1.64713543e+01 1.26994039e+01 1.01431713e+01 8.08907318e+00 6.41570788e+00 5.09767667e+00 4.04695689e+00 3.19736787e+00 2.51554160e+00 1.95779914e+00 1.55647587e+00 1.22856891e+00 9.58636941e-01 7.52635623e-01 5.91508830e-01 4.49892671e-01 3.21381067e-01 2.27627887e-01 1.56339654e-01 9.42492287e-02 5.59634930e-02 2.75109124e-02 3.59482756e-03]
	 xi_err	 [0.5187242  0.47836722 0.44064117 0.43518643 0.38574326 0.35453055 0.31394437 0.28363474 0.23885747 0.18312063 0.1496272  0.12325523 0.09969718 0.08404347 0.07187526 0.05998799 0.04650269 0.03614394 0.0280988  0.02024057 0.01408099 0.00972908 0.00689944]


Box 05 , z = 7 , logM[Msun] = 7.5 - 8.0 :
	 r[Mpc]	 [0.01790078 0.02253574 0.02837082 0.03571675 0.04496472 0.05660723 0.07126428 0.08971641 0.11294627 0.14219093 0.17900778 0.22535744 0.2837082  0.35716747 0.4496472  0.56607229 0.71264279 0.89716412 1.12946271 1.4219093  1.79007775 2.25357437 2.83708205]
	 xi	 [2.53037259e+01 1.77966321e+01 1.37191345e+01 1.05994589e+01 8.44991712e+00 6.44299845e+00 4.98170158e+00 3.93602942e+00 3.09226487e+00 2.42112437e+00 1.88777960e+00 1.46285211e+00 1.16163288e+00 8.98348917e-01 6.94246142e-01 5.22115806e-01 3.78132767e-01 2.64089076e-01 1.79007639e-01 1.08548564e-01 6.45143348e-02 3.32290071e-02 6.03507038e-03]
	 xi_err	 [0.77930023 0.71050334 0.67199128 0.56376822 0.52227198 0.46786019 0.40060019 0.37020669 0.31460584 0.24906529 0.19834953 0.14927085 0.12516705 0.09839831 0.08609866 0.07107913 0.0552048  0.04318437 0.03374931 0.02337791 0.01629215 0.01146002 0.00785143]


Box 05 , z = 7 , logM[Msun] = 8 - 8.5 :
	 r[Mpc]	 [0.01790078 0.02253574 0.02837082 0.03571675 0.04496472 0.05660723 0.07126428 0.08971641 0.11294627 0.14219093 0.17900778 0.22535744 0.2837082  0.35716747 0.4496472  0.56607229 0.71264279 0.89716412 1.12946271 1.4219093  1.79007775 2.25357437 2.83708205]
	 xi	 [5.59402953e+01 3.31782526e+01 2.03897745e+01 1.47917378e+01 1.11331156e+01 8.54678886e+00 6.58288136e+00 5.12525637e+00 3.94073887e+00 3.06324298e+00 2.33114257e+00 1.81240331e+00 1.35207352e+00 1.05756580e+00 8.25917853e-01 6.12012316e-01 4.47009502e-01 3.11575195e-01 2.14735962e-01 1.26948023e-01 7.96782478e-02 4.34944662e-02 1.00584458e-02]
	 xi_err	 [1.80670017 1.43504742 1.13400315 0.84057533 0.65722984 0.55662678 0.53651185 0.48429614 0.37937387 0.29494596 0.22519703 0.18551662 0.14103484 0.11301126 0.10291188 0.07980467 0.06466682 0.04877968 0.03878432 0.02770399 0.01951785 0.01374698 0.0095354 ]


Box 05 , z = 8 , logM[Msun] = 6.5 - 7.0 :
	 r[Mpc]	 [0.01790078 0.02253574 0.02837082 0.03571675 0.04496472 0.05660723 0.07126428 0.08971641 0.11294627 0.14219093 0.17900778 0.22535744 0.2837082  0.35716747 0.4496472  0.56607229 0.71264279 0.89716412 1.12946271 1.4219093  1.79007775 2.25357437 2.83708205]
	 xi	 [1.15824818e+01 9.31678637e+00 7.47859655e+00 5.94898698e+00 4.75881255e+00 3.77160760e+00 2.99063959e+00 2.36652342e+00 1.89037629e+00 1.51635302e+00 1.21569135e+00 9.73818831e-01 7.75677350e-01 6.13700916e-01 4.83375631e-01 3.75147605e-01 2.73542425e-01 1.93958143e-01 1.33467450e-01 8.33134377e-02 4.94074091e-02 2.43667104e-02 4.01946620e-03]
	 xi_err	 [0.39609349 0.39434857 0.36781886 0.33660463 0.30147103 0.27251283 0.23485555 0.19435864 0.1617736  0.13785212 0.11490779 0.09367048 0.07831523 0.06510638 0.0557284  0.04833606 0.0385854  0.0303301  0.02384109 0.01759165 0.01227657 0.00821057 0.00573877]


Box 05 , z = 8 , logM[Msun] = 7 - 7.5 :
	 r[Mpc]	 [0.01790078 0.02253574 0.02837082 0.03571675 0.04496472 0.05660723 0.07126428 0.08971641 0.11294627 0.14219093 0.17900778 0.22535744 0.2837082  0.35716747 0.4496472  0.56607229 0.71264279 0.89716412 1.12946271 1.4219093  1.79007775 2.25357437 2.83708205]
	 xi	 [1.60925784e+01 1.24028345e+01 9.64814234e+00 7.67972179e+00 6.01416923e+00 4.66423347e+00 3.64624217e+00 2.88083164e+00 2.26575242e+00 1.78357270e+00 1.42244829e+00 1.13121825e+00 8.95464611e-01 7.07979978e-01 5.57342799e-01 4.29227274e-01 3.12024710e-01 2.20396759e-01 1.51875749e-01 9.40092961e-02 5.48852487e-02 2.85250940e-02 5.37625355e-03]
	 xi_err	 [0.54600792 0.49105387 0.43617072 0.41100062 0.36372368 0.31571348 0.27469839 0.22713906 0.18905078 0.15476898 0.13048069 0.10583414 0.08769013 0.07263871 0.06464539 0.05538745 0.04417697 0.03464229 0.02734027 0.01994788 0.0139641  0.00977651 0.0066012 ]


Box 05 , z = 8 , logM[Msun] = 7.5 - 8.0 :
	 r[Mpc]	 [0.01790078 0.02253574 0.02837082 0.03571675 0.04496472 0.05660723 0.07126428 0.08971641 0.11294627 0.14219093 0.17900778 0.22535744 0.2837082  0.35716747 0.4496472  0.56607229 0.71264279 0.89716412 1.12946271 1.4219093  1.79007775 2.25357437 2.83708205]
	 xi	 [2.43074615e+01 1.75759023e+01 1.33409482e+01 1.02975209e+01 8.01264220e+00 6.16191761e+00 4.71808194e+00 3.57153173e+00 2.83707442e+00 2.22782095e+00 1.74458610e+00 1.38092586e+00 1.08154720e+00 8.49949396e-01 6.68991872e-01 5.05990351e-01 3.68054576e-01 2.57239134e-01 1.79233077e-01 1.09102685e-01 6.45609614e-02 3.27122994e-02 5.02637151e-03]
	 xi_err	 [0.90667752 0.8033706  0.70577416 0.62836413 0.56517534 0.44643448 0.38368404 0.30613564 0.26257698 0.2099934  0.17892368 0.14038302 0.10887358 0.09066186 0.07968284 0.06723163 0.05352448 0.04034485 0.0328039  0.02368344 0.01605426 0.01082145 0.0077398 ]


Box 05 , z = 8 , logM[Msun] = 8 - 8.5 :
	 r[Mpc]	 [0.01790078 0.02253574 0.02837082 0.03571675 0.04496472 0.05660723 0.07126428 0.08971641 0.11294627 0.14219093 0.17900778 0.22535744 0.2837082  0.35716747 0.4496472  0.56607229 0.71264279 0.89716412 1.12946271 1.4219093  1.79007775 2.25357437 2.83708205]
	 xi	 [5.51129421e+01 3.14473697e+01 2.04379910e+01 1.42472232e+01 1.05418505e+01 8.50364937e+00 6.40168590e+00 4.85617234e+00 3.67691964e+00 2.74705615e+00 2.15861454e+00 1.65673337e+00 1.28653187e+00 1.00186693e+00 7.84871348e-01 6.04212578e-01 4.40235434e-01 3.09487546e-01 2.13888992e-01 1.30576333e-01 7.42075848e-02 3.96834335e-02 8.29632782e-03]
	 xi_err	 [2.13146202 1.40530975 1.09413013 0.93487347 0.81682493 0.75457462 0.56562619 0.45205493 0.39623021 0.27357548 0.21332668 0.16540405 0.13521139 0.10994736 0.09734423 0.0801967  0.063694   0.04980427 0.04022221 0.02918998 0.01941675 0.01387218 0.00940567]


Box 05 , z = 9 , logM[Msun] = 6.5 - 7.0 :
	 r[Mpc]	 [0.01790078 0.02253574 0.02837082 0.03571675 0.04496472 0.05660723 0.07126428 0.08971641 0.11294627 0.14219093 0.17900778 0.22535744 0.2837082  0.35716747 0.4496472  0.56607229 0.71264279 0.89716412 1.12946271 1.4219093  1.79007775 2.25357437 2.83708205]
	 xi	 [1.13961921e+01 9.04116777e+00 7.14044193e+00 5.63523987e+00 4.44125469e+00 3.49412376e+00 2.74544741e+00 2.18730919e+00 1.75053746e+00 1.39228965e+00 1.11881034e+00 9.05606630e-01 7.27302130e-01 5.80741691e-01 4.57931790e-01 3.57039255e-01 2.63728131e-01 1.86354106e-01 1.28752906e-01 8.09045373e-02 4.69923754e-02 2.30490075e-02 3.85404590e-03]
	 xi_err	 [0.49593159 0.4403067  0.40680616 0.34414833 0.29563053 0.25154607 0.2043398  0.17011649 0.14028006 0.11296879 0.09538034 0.08213844 0.06891798 0.0589019  0.0504531  0.04417355 0.03615664 0.0283521  0.02253647 0.01696334 0.0118326  0.00808101 0.00553096]


Box 05 , z = 9 , logM[Msun] = 7 - 7.5 :
	 r[Mpc]	 [0.01790078 0.02253574 0.02837082 0.03571675 0.04496472 0.05660723 0.07126428 0.08971641 0.11294627 0.14219093 0.17900778 0.22535744 0.2837082  0.35716747 0.4496472  0.56607229 0.71264279 0.89716412 1.12946271 1.4219093  1.79007775 2.25357437 2.83708205]
	 xi	 [1.60252820e+01 1.22370140e+01 9.56079454e+00 7.54283388e+00 5.79752949e+00 4.44640072e+00 3.45299072e+00 2.72374531e+00 2.13528202e+00 1.68122853e+00 1.33531058e+00 1.07233763e+00 8.56257710e-01 6.84219297e-01 5.42354532e-01 4.19247058e-01 3.09432478e-01 2.17590222e-01 1.49956829e-01 9.40670239e-02 5.35731877e-02 2.74516951e-02 5.09100936e-03]
	 xi_err	 [0.77161958 0.63387372 0.56845665 0.50731159 0.39838897 0.32391627 0.2664471  0.21651131 0.17386821 0.14157258 0.11665419 0.100191   0.08213728 0.06989816 0.06098175 0.05318339 0.04363177 0.03372238 0.0269249  0.01999496 0.01365943 0.00948779 0.00642717]


Box 05 , z = 9 , logM[Msun] = 7.5 - 8.0 :
	 r[Mpc]	 [0.01790078 0.02253574 0.02837082 0.03571675 0.04496472 0.05660723 0.07126428 0.08971641 0.11294627 0.14219093 0.17900778 0.22535744 0.2837082  0.35716747 0.4496472  0.56607229 0.71264279 0.89716412 1.12946271 1.4219093  1.79007775 2.25357437 2.83708205]
	 xi	 [2.46628400e+01 1.77332097e+01 1.31102070e+01 1.02521397e+01 7.77984412e+00 5.92854897e+00 4.61594260e+00 3.45334532e+00 2.68136763e+00 2.12078447e+00 1.63626258e+00 1.31679842e+00 1.04170289e+00 8.20970378e-01 6.44073962e-01 4.89485436e-01 3.58285020e-01 2.51136136e-01 1.72692403e-01 1.08407028e-01 6.34598221e-02 3.23531735e-02 6.30246303e-03]
	 xi_err	 [1.20303942 0.94305135 0.76512969 0.67358909 0.60110051 0.4798543  0.38873056 0.29060284 0.24147155 0.19425561 0.15750353 0.13519885 0.11181833 0.09106694 0.0762343  0.06424909 0.05121035 0.03968438 0.03204526 0.02440116 0.01611481 0.0110956  0.00744339]


Box 05 , z = 10 , logM[Msun] = 6.5 - 7.0 :
	 r[Mpc]	 [0.01790078 0.02253574 0.02837082 0.03571675 0.04496472 0.05660723 0.07126428 0.08971641 0.11294627 0.14219093 0.17900778 0.22535744 0.2837082  0.35716747 0.4496472  0.56607229 0.71264279 0.89716412 1.12946271 1.4219093  1.79007775 2.25357437 2.83708205]
	 xi	 [1.09565595e+01 8.51959406e+00 6.71546295e+00 5.26378682e+00 4.15403074e+00 3.27723113e+00 2.58638915e+00 2.04400108e+00 1.63849735e+00 1.31878107e+00 1.05725078e+00 8.55785439e-01 6.95353783e-01 5.57731823e-01 4.43833422e-01 3.46913764e-01 2.58782503e-01 1.82414302e-01 1.25252230e-01 7.96412863e-02 4.56857220e-02 2.26049735e-02 4.45276885e-03]
	 xi_err	 [0.41618228 0.40240967 0.37593892 0.32491579 0.28311407 0.2347493  0.18815554 0.1533918  0.12536526 0.10195362 0.08560549 0.07465069 0.06410901 0.05503448 0.04793454 0.04220111 0.03499047 0.02738364 0.02165837 0.01662149 0.01160497 0.00798522 0.00546386]


Box 05 , z = 10 , logM[Msun] = 7 - 7.5 :
	 r[Mpc]	 [0.01790078 0.02253574 0.02837082 0.03571675 0.04496472 0.05660723 0.07126428 0.08971641 0.11294627 0.14219093 0.17900778 0.22535744 0.2837082  0.35716747 0.4496472  0.56607229 0.71264279 0.89716412 1.12946271 1.4219093  1.79007775 2.25357437 2.83708205]
	 xi	 [1.53377894e+01 1.16972968e+01 9.06193178e+00 7.00329349e+00 5.39237779e+00 4.13487087e+00 3.20443785e+00 2.51051306e+00 2.00565975e+00 1.59352576e+00 1.26181488e+00 1.00769174e+00 8.14540399e-01 6.55064561e-01 5.19809817e-01 4.03967470e-01 3.02033554e-01 2.12626129e-01 1.46608303e-01 9.40891111e-02 5.32385919e-02 2.67521599e-02 5.03230618e-03]
	 xi_err	 [0.70475691 0.54018505 0.48469678 0.42926684 0.35372652 0.29451143 0.23665165 0.19078863 0.16230109 0.13032219 0.10787882 0.09061564 0.07662827 0.06638345 0.05702186 0.05036775 0.04239777 0.03328759 0.02657949 0.02039971 0.0136047  0.00920133 0.00622478]


Box 05 , z = 10 , logM[Msun] = 7.5 - 8.0 :
	 r[Mpc]	 [0.01790078 0.02253574 0.02837082 0.03571675 0.04496472 0.05660723 0.07126428 0.08971641 0.11294627 0.14219093 0.17900778 0.22535744 0.2837082  0.35716747 0.4496472  0.56607229 0.71264279 0.89716412 1.12946271 1.4219093  1.79007775 2.25357437 2.83708205]
	 xi	 [2.37101751e+01 1.75672063e+01 1.33739413e+01 1.00160090e+01 7.53324417e+00 5.70687772e+00 4.46425564e+00 3.43236324e+00 2.64308753e+00 2.09867209e+00 1.64205374e+00 1.28624226e+00 1.03212950e+00 8.12182600e-01 6.41270582e-01 4.90899920e-01 3.64491286e-01 2.54098720e-01 1.73431021e-01 1.08824526e-01 6.16424811e-02 2.99929973e-02 6.53834456e-03]
	 xi_err	 [1.272459   0.98671741 0.79813628 0.62259155 0.56468407 0.46678668 0.40574056 0.32896527 0.25474247 0.20534361 0.16551444 0.13415236 0.11403466 0.09566616 0.07959069 0.06784193 0.05448682 0.04140767 0.03298372 0.02510662 0.01624148 0.01099731 0.00741245]


Box 05 , z = 11 , logM[Msun] = 6.5 - 7.0 :
	 r[Mpc]	 [0.01790078 0.02253574 0.02837082 0.03571675 0.04496472 0.05660723 0.07126428 0.08971641 0.11294627 0.14219093 0.17900778 0.22535744 0.2837082  0.35716747 0.4496472  0.56607229 0.71264279 0.89716412 1.12946271 1.4219093  1.79007775 2.25357437 2.83708205]
	 xi	 [1.04677392e+01 8.08501149e+00 6.29352832e+00 4.90504206e+00 3.84671902e+00 3.06531937e+00 2.42969656e+00 1.94523363e+00 1.56011449e+00 1.26461965e+00 1.01651345e+00 8.20031677e-01 6.68176704e-01 5.40295436e-01 4.32179101e-01 3.39764190e-01 2.56244321e-01 1.81430725e-01 1.24741100e-01 7.98937972e-02 4.55987803e-02 2.24496820e-02 4.36097176e-03]
	 xi_err	 [0.43927656 0.40121283 0.33733013 0.28572465 0.2434622  0.20083906 0.16946093 0.14240687 0.11857229 0.09923909 0.08191452 0.06989711 0.06025528 0.05288989 0.04595995 0.04095379 0.03467969 0.02722077 0.02152677 0.01662912 0.01149503 0.00778612 0.00531384]


Box 05 , z = 11 , logM[Msun] = 7 - 7.5 :
	 r[Mpc]	 [0.01790078 0.02253574 0.02837082 0.03571675 0.04496472 0.05660723 0.07126428 0.08971641 0.11294627 0.14219093 0.17900778 0.22535744 0.2837082  0.35716747 0.4496472  0.56607229 0.71264279 0.89716412 1.12946271 1.4219093  1.79007775 2.25357437 2.83708205]
	 xi	 [1.50553618e+01 1.15122701e+01 8.86104318e+00 6.75447197e+00 5.19325741e+00 4.01311376e+00 3.13239725e+00 2.45738089e+00 1.94186967e+00 1.57178354e+00 1.24000540e+00 9.94439226e-01 7.99241066e-01 6.42296019e-01 5.13397370e-01 3.97306881e-01 2.97165514e-01 2.09826783e-01 1.43578218e-01 9.31324286e-02 5.37939239e-02 2.66963188e-02 6.12751645e-03]
	 xi_err	 [0.69159086 0.59359969 0.45617293 0.41375024 0.3251295  0.25014374 0.22092701 0.18849117 0.15476533 0.12974534 0.10671329 0.09007135 0.07561089 0.06643949 0.05740093 0.05008452 0.04145123 0.03268377 0.02593658 0.02016816 0.01366722 0.00941229 0.00627245]


Box 05 , z = 11 , logM[Msun] = 7.5 - 8.0 :
	 r[Mpc]	 [0.01790078 0.02253574 0.02837082 0.03571675 0.04496472 0.05660723 0.07126428 0.08971641 0.11294627 0.14219093 0.17900778 0.22535744 0.2837082  0.35716747 0.4496472  0.56607229 0.71264279 0.89716412 1.12946271 1.4219093  1.79007775 2.25357437 2.83708205]
	 xi	 [2.42632028e+01 1.72232165e+01 1.26607069e+01 9.97167859e+00 7.37327331e+00 5.64513255e+00 4.26059306e+00 3.26655845e+00 2.58094207e+00 2.01778454e+00 1.60289370e+00 1.25504459e+00 9.95210644e-01 7.87433310e-01 6.23316779e-01 4.84521873e-01 3.62095348e-01 2.52240805e-01 1.75439219e-01 1.13405317e-01 6.44460701e-02 3.20512601e-02 7.93824901e-03]
	 xi_err	 [1.38049253 0.93829621 0.77826243 0.65130583 0.51704874 0.41144542 0.38840772 0.31112677 0.25875638 0.20444662 0.17286803 0.13641122 0.11035256 0.09562266 0.08013769 0.06864401 0.05547327 0.04200586 0.03319839 0.02569318 0.01678927 0.01118613 0.00778859]


Box 05 , z = 12 , logM[Msun] = 6.5 - 7.0 :
	 r[Mpc]	 [0.01790078 0.02253574 0.02837082 0.03571675 0.04496472 0.05660723 0.07126428 0.08971641 0.11294627 0.14219093 0.17900778 0.22535744 0.2837082  0.35716747 0.4496472  0.56607229 0.71264279 0.89716412 1.12946271 1.4219093  1.79007775 2.25357437 2.83708205]
	 xi	 [1.02679881e+01 7.91563966e+00 6.14927121e+00 4.78555484e+00 3.74811009e+00 2.94504904e+00 2.34417877e+00 1.87861623e+00 1.51359955e+00 1.23082198e+00 9.93949864e-01 7.98638246e-01 6.50372837e-01 5.26030906e-01 4.22167846e-01 3.32318499e-01 2.51679034e-01 1.79504719e-01 1.23195314e-01 7.99074655e-02 4.58480060e-02 2.26788790e-02 4.57641668e-03]
	 xi_err	 [0.50258267 0.38024903 0.34844635 0.28289654 0.24098261 0.18961539 0.15432285 0.13110864 0.11321761 0.09570247 0.07919209 0.06761603 0.0584903  0.05139654 0.04478288 0.03995785 0.03386242 0.02697156 0.02139454 0.01667166 0.01151503 0.00781006 0.00527653]


Box 05 , z = 12 , logM[Msun] = 7 - 7.5 :
	 r[Mpc]	 [0.01790078 0.02253574 0.02837082 0.03571675 0.04496472 0.05660723 0.07126428 0.08971641 0.11294627 0.14219093 0.17900778 0.22535744 0.2837082  0.35716747 0.4496472  0.56607229 0.71264279 0.89716412 1.12946271 1.4219093  1.79007775 2.25357437 2.83708205]
	 xi	 [1.48220945e+01 1.13795844e+01 8.73070034e+00 6.64438153e+00 5.16092432e+00 3.93763493e+00 3.04921746e+00 2.41743598e+00 1.93483325e+00 1.55287526e+00 1.24293763e+00 9.92847444e-01 7.92691023e-01 6.35089485e-01 5.06817470e-01 3.93563914e-01 2.96053614e-01 2.09536793e-01 1.43805952e-01 9.39403772e-02 5.44124908e-02 2.68198858e-02 6.32612116e-03]
	 xi_err	 [0.79183718 0.59197182 0.50318012 0.42911613 0.34051286 0.27332117 0.21617657 0.18511786 0.16046048 0.13409062 0.1133096  0.09458815 0.07808822 0.06862225 0.05957103 0.05166306 0.04275442 0.03359597 0.02610273 0.02041804 0.01402736 0.00951554 0.00626249]


Box 05 , z = 12 , logM[Msun] = 7.5 - 8.0 :
	 r[Mpc]	 [0.01790078 0.02253574 0.02837082 0.03571675 0.04496472 0.05660723 0.07126428 0.08971641 0.11294627 0.14219093 0.17900778 0.22535744 0.2837082  0.35716747 0.4496472  0.56607229 0.71264279 0.89716412 1.12946271 1.4219093  1.79007775 2.25357437 2.83708205]
	 xi	 [2.36592798e+01 1.66174301e+01 1.23522614e+01 9.26613088e+00 6.89837522e+00 5.36589011e+00 4.13320939e+00 3.09971449e+00 2.46824833e+00 1.96451809e+00 1.52808494e+00 1.20631822e+00 9.67987685e-01 7.72478077e-01 6.13133487e-01 4.84376851e-01 3.67619694e-01 2.58065783e-01 1.77585870e-01 1.16159716e-01 6.67520791e-02 3.15201768e-02 6.79234183e-03]
	 xi_err	 [1.41467553 1.0092921  0.88560923 0.8211813  0.50956855 0.40769499 0.33876639 0.28061015 0.25719112 0.21344381 0.17117326 0.13684306 0.11560337 0.0954199  0.07948553 0.06753754 0.05535981 0.04171489 0.03288305 0.02558389 0.01654444 0.0109218  0.00789782]


Box 05 , z = 13 , logM[Msun] = 6.5 - 7.0 :
	 r[Mpc]	 [0.01790078 0.02253574 0.02837082 0.03571675 0.04496472 0.05660723 0.07126428 0.08971641 0.11294627 0.14219093 0.17900778 0.22535744 0.2837082  0.35716747 0.4496472  0.56607229 0.71264279 0.89716412 1.12946271 1.4219093  1.79007775 2.25357437 2.83708205]
	 xi	 [9.85782425e+00 7.61712205e+00 5.94762301e+00 4.61445406e+00 3.61780305e+00 2.87153067e+00 2.31085707e+00 1.83844224e+00 1.47687611e+00 1.19649964e+00 9.74775241e-01 7.86144152e-01 6.34850686e-01 5.14657692e-01 4.13147504e-01 3.26572217e-01 2.48448543e-01 1.77266437e-01 1.21117554e-01 7.89740886e-02 4.57269009e-02 2.26198855e-02 5.30966782e-03]
	 xi_err	 [0.45847865 0.38012572 0.33140821 0.25947822 0.21703661 0.1842892  0.1580493  0.12927342 0.11003903 0.09307669 0.07963568 0.06778467 0.05821267 0.05053782 0.04432553 0.03930738 0.03374409 0.02695686 0.02119853 0.01664707 0.01169041 0.00795959 0.00529795]


Box 05 , z = 13 , logM[Msun] = 7 - 7.5 :
	 r[Mpc]	 [0.01790078 0.02253574 0.02837082 0.03571675 0.04496472 0.05660723 0.07126428 0.08971641 0.11294627 0.14219093 0.17900778 0.22535744 0.2837082  0.35716747 0.4496472  0.56607229 0.71264279 0.89716412 1.12946271 1.4219093  1.79007775 2.25357437 2.83708205]
	 xi	 [1.45494486e+01 1.10860168e+01 8.13320512e+00 6.31180994e+00 4.85142200e+00 3.80525492e+00 2.97466082e+00 2.34220425e+00 1.88336673e+00 1.49550166e+00 1.20698792e+00 9.62384991e-01 7.67148404e-01 6.13130221e-01 4.88544436e-01 3.79414464e-01 2.88882942e-01 2.05692041e-01 1.41910267e-01 9.29971638e-02 5.44390841e-02 2.65747870e-02 5.92050225e-03]
	 xi_err	 [0.79355146 0.56291821 0.48545343 0.40754967 0.30773758 0.25254386 0.20658192 0.16803335 0.15123311 0.12781555 0.10827801 0.09054259 0.07543171 0.06461403 0.05663773 0.04825975 0.0407778  0.03237713 0.02532963 0.01974875 0.01351922 0.00894717 0.00626809]


Box 05 , z = 14 , logM[Msun] = 6.5 - 7.0 :
	 r[Mpc]	 [0.01790078 0.02253574 0.02837082 0.03571675 0.04496472 0.05660723 0.07126428 0.08971641 0.11294627 0.14219093 0.17900778 0.22535744 0.2837082  0.35716747 0.4496472  0.56607229 0.71264279 0.89716412 1.12946271 1.4219093  1.79007775 2.25357437 2.83708205]
	 xi	 [1.00495519e+01 7.60874895e+00 5.82067513e+00 4.46644673e+00 3.52498026e+00 2.81089158e+00 2.25259186e+00 1.81502951e+00 1.47634546e+00 1.19335087e+00 9.70702744e-01 7.84845736e-01 6.31492415e-01 5.10668322e-01 4.10413061e-01 3.24254718e-01 2.47874283e-01 1.77871086e-01 1.21127909e-01 7.93999809e-02 4.55070967e-02 2.23810803e-02 5.54053336e-03]
	 xi_err	 [0.4823634  0.39286168 0.30551123 0.25635642 0.19949536 0.1693406  0.15156507 0.12290343 0.10895506 0.09597682 0.0801341  0.06788585 0.05787841 0.05032279 0.04463867 0.03938447 0.0339872  0.02730711 0.02138032 0.01698515 0.01193988 0.00809216 0.00529342]


Box 05 , z = 14 , logM[Msun] = 7 - 7.5 :
	 r[Mpc]	 [0.01790078 0.02253574 0.02837082 0.03571675 0.04496472 0.05660723 0.07126428 0.08971641 0.11294627 0.14219093 0.17900778 0.22535744 0.2837082  0.35716747 0.4496472  0.56607229 0.71264279 0.89716412 1.12946271 1.4219093  1.79007775 2.25357437 2.83708205]
	 xi	 [1.41344213e+01 1.11438993e+01 8.11250447e+00 6.15339851e+00 4.70920228e+00 3.64358561e+00 2.92096325e+00 2.27940048e+00 1.82896345e+00 1.47043655e+00 1.17350576e+00 9.37558604e-01 7.53515904e-01 6.05256331e-01 4.82934819e-01 3.77286734e-01 2.85866091e-01 2.04745981e-01 1.39658068e-01 9.22765129e-02 5.46896214e-02 2.72650301e-02 6.62165807e-03]
	 xi_err	 [0.90826279 0.64670962 0.50314513 0.41096723 0.31584893 0.25378264 0.20742839 0.1761264  0.15199267 0.13457683 0.11553142 0.09712097 0.07962637 0.06776023 0.05840177 0.04985157 0.04165538 0.03274618 0.02513696 0.01944571 0.01354829 0.00897272 0.00637568]


Box 05 , z = 15 , logM[Msun] = 6.5 - 7.0 :
	 r[Mpc]	 [0.01790078 0.02253574 0.02837082 0.03571675 0.04496472 0.05660723 0.07126428 0.08971641 0.11294627 0.14219093 0.17900778 0.22535744 0.2837082  0.35716747 0.4496472  0.56607229 0.71264279 0.89716412 1.12946271 1.4219093  1.79007775 2.25357437 2.83708205]
	 xi	 [9.74165680e+00 7.44126718e+00 5.67728523e+00 4.50281550e+00 3.51760513e+00 2.80891754e+00 2.24737426e+00 1.81290005e+00 1.46678962e+00 1.18915763e+00 9.69742805e-01 7.84658236e-01 6.36038680e-01 5.13713463e-01 4.13328089e-01 3.25950486e-01 2.48952745e-01 1.79574661e-01 1.22417869e-01 8.09826362e-02 4.74843538e-02 2.35444254e-02 5.83861795e-03]
	 xi_err	 [0.55185896 0.43387158 0.35428493 0.28385946 0.22936685 0.18742393 0.16168032 0.13890661 0.11468283 0.10270637 0.08850554 0.07446552 0.06343374 0.05428864 0.04734718 0.04089094 0.03492998 0.02797448 0.02169058 0.01708751 0.01198692 0.00820094 0.00552305]


Box 05 , z = 15 , logM[Msun] = 7 - 7.5 :
	 r[Mpc]	 [0.01790078 0.02253574 0.02837082 0.03571675 0.04496472 0.05660723 0.07126428 0.08971641 0.11294627 0.14219093 0.17900778 0.22535744 0.2837082  0.35716747 0.4496472  0.56607229 0.71264279 0.89716412 1.12946271 1.4219093  1.79007775 2.25357437 2.83708205]
	 xi	 [1.39480853e+01 1.08781585e+01 7.82466508e+00 6.21519318e+00 4.61448863e+00 3.59041563e+00 2.80660549e+00 2.23562315e+00 1.78591226e+00 1.43807355e+00 1.13734534e+00 9.20886850e-01 7.32410913e-01 5.91945809e-01 4.74658917e-01 3.75523756e-01 2.84824366e-01 2.04562672e-01 1.40269355e-01 9.45313890e-02 5.56632775e-02 2.78105824e-02 7.60479360e-03]
	 xi_err	 [0.98956853 0.6808916  0.4420082  0.46492909 0.35448903 0.27913475 0.22075364 0.17725395 0.14588439 0.12561186 0.11233157 0.09443541 0.07935482 0.06734058 0.05854738 0.05003159 0.04224677 0.03285063 0.02521164 0.01962203 0.01344422 0.00914517 0.0064797 ]


Box 05 , z = 16 , logM[Msun] = 6.5 - 7.0 :
	 r[Mpc]	 [0.01790078 0.02253574 0.02837082 0.03571675 0.04496472 0.05660723 0.07126428 0.08971641 0.11294627 0.14219093 0.17900778 0.22535744 0.2837082  0.35716747 0.4496472  0.56607229 0.71264279 0.89716412 1.12946271 1.4219093  1.79007775 2.25357437 2.83708205]
	 xi	 [9.76246865e+00 7.55335338e+00 5.68285217e+00 4.34369790e+00 3.43513484e+00 2.74206570e+00 2.19315022e+00 1.78005776e+00 1.45040010e+00 1.17213436e+00 9.55932101e-01 7.77101964e-01 6.24753322e-01 5.06641736e-01 4.07145868e-01 3.22962513e-01 2.47410396e-01 1.79043554e-01 1.22747512e-01 8.20997801e-02 4.83629777e-02 2.37212474e-02 6.25898359e-03]
	 xi_err	 [0.70628916 0.46063208 0.36344769 0.29720095 0.22920056 0.20166312 0.1676174  0.13613866 0.11791973 0.10363342 0.09093593 0.07774565 0.06563016 0.05646004 0.04886123 0.04181258 0.03562237 0.0281912  0.02164245 0.01677332 0.01175624 0.00803804 0.00547681]


Box 05 , z = 16 , logM[Msun] = 7 - 7.5 :
	 r[Mpc]	 [0.01790078 0.02253574 0.02837082 0.03571675 0.04496472 0.05660723 0.07126428 0.08971641 0.11294627 0.14219093 0.17900778 0.22535744 0.2837082  0.35716747 0.4496472  0.56607229 0.71264279 0.89716412 1.12946271 1.4219093  1.79007775 2.25357437 2.83708205]
	 xi	 [1.42533001e+01 1.09290671e+01 8.36057853e+00 5.90116475e+00 4.62574347e+00 3.74343363e+00 2.86960692e+00 2.23604154e+00 1.73223609e+00 1.42072218e+00 1.13757962e+00 9.25302917e-01 7.31351455e-01 5.87575124e-01 4.66892890e-01 3.66868578e-01 2.79797570e-01 2.03508807e-01 1.39032228e-01 9.32362096e-02 5.40256956e-02 2.69008378e-02 7.48491450e-03]
	 xi_err	 [1.21410186 0.80728022 0.55889631 0.42805522 0.40385587 0.32418906 0.25744081 0.19941976 0.15961125 0.13107094 0.11641297 0.10110858 0.08237844 0.0703666  0.06020389 0.05043752 0.04225352 0.03278317 0.0247622  0.0196569  0.01367405 0.00946582 0.00654046]


Box 05 , z = 17 , logM[Msun] = 6.5 - 7.0 :
	 r[Mpc]	 [0.01790078 0.02253574 0.02837082 0.03571675 0.04496472 0.05660723 0.07126428 0.08971641 0.11294627 0.14219093 0.17900778 0.22535744 0.2837082  0.35716747 0.4496472  0.56607229 0.71264279 0.89716412 1.12946271 1.4219093  1.79007775 2.25357437 2.83708205]
	 xi	 [9.96732894e+00 7.20692275e+00 5.52519306e+00 4.18291498e+00 3.35940552e+00 2.67087948e+00 2.14075675e+00 1.74999443e+00 1.40313142e+00 1.14180372e+00 9.34896816e-01 7.59349919e-01 6.11070139e-01 4.93481838e-01 3.98284581e-01 3.15747332e-01 2.39640176e-01 1.74539620e-01 1.20392336e-01 8.07669355e-02 4.78284890e-02 2.33767533e-02 6.35512200e-03]
	 xi_err	 [0.71732785 0.45001625 0.36769925 0.29289555 0.25321163 0.20486393 0.170083   0.14086512 0.11690253 0.10420098 0.08856973 0.07809202 0.06628932 0.05703064 0.04963294 0.0423505  0.03614105 0.02863963 0.02205457 0.01720274 0.012057   0.00797832 0.00547624]


Box 05 , z = 18 , logM[Msun] = 6.5 - 7.0 :
	 r[Mpc]	 [0.01790078 0.02253574 0.02837082 0.03571675 0.04496472 0.05660723 0.07126428 0.08971641 0.11294627 0.14219093 0.17900778 0.22535744 0.2837082  0.35716747 0.4496472  0.56607229 0.71264279 0.89716412 1.12946271 1.4219093  1.79007775 2.25357437 2.83708205]
	 xi	 [9.33702987e+00 7.36093418e+00 5.74630396e+00 4.20211987e+00 3.30830431e+00 2.60093760e+00 2.12844573e+00 1.70895438e+00 1.40960400e+00 1.12673848e+00 9.23115761e-01 7.51239089e-01 6.01513301e-01 4.84386250e-01 3.87782272e-01 3.04460873e-01 2.31837350e-01 1.68153387e-01 1.16372780e-01 7.84404845e-02 4.60217250e-02 2.18373287e-02 5.80406683e-03]
	 xi_err	 [0.65885389 0.61039661 0.42475291 0.3286885  0.23821078 0.19284683 0.17303515 0.13874802 0.1191674  0.10288801 0.08751689 0.07708046 0.06591797 0.05637792 0.0491181  0.04141929 0.03490618 0.02724937 0.02103054 0.01661617 0.01169625 0.00771946 0.00532107]


Box 05 , z = 19 , logM[Msun] = 6.5 - 7.0 :
	 r[Mpc]	 [0.01790078 0.02253574 0.02837082 0.03571675 0.04496472 0.05660723 0.07126428 0.08971641 0.11294627 0.14219093 0.17900778 0.22535744 0.2837082  0.35716747 0.4496472  0.56607229 0.71264279 0.89716412 1.12946271 1.4219093  1.79007775 2.25357437 2.83708205]
	 xi	 [9.54980585e+00 6.78934939e+00 5.34194221e+00 4.23437701e+00 3.27499667e+00 2.70570640e+00 2.09170880e+00 1.69214618e+00 1.38898792e+00 1.11203651e+00 8.99799907e-01 7.37307140e-01 5.91891458e-01 4.73847606e-01 3.82176121e-01 3.03864258e-01 2.31910720e-01 1.69144386e-01 1.17274089e-01 8.06093546e-02 4.83303595e-02 2.26715427e-02 6.23569065e-03]
	 xi_err	 [0.7217483  0.44915328 0.39400173 0.31707647 0.26937964 0.22066882 0.18110504 0.1424804  0.1206582  0.10505027 0.08705264 0.07786833 0.06753881 0.05694372 0.05002103 0.04198482 0.03514971 0.02705852 0.0207857  0.01662287 0.0118327  0.00790424 0.00538156]


Box 15 , z = 6 , logM[Msun] = 8 - 8.5 :
	 r[Mpc]	 [0.05660723 0.07126428 0.08971641 0.11294627 0.14219093 0.17900778 0.22535744 0.2837082  0.35716747 0.4496472  0.56607229 0.71264279 0.89716412 1.12946271 1.4219093  1.79007775 2.25357437 2.83708205 3.57167468 4.49647202 5.66072289 7.1264279  8.97164117]
	 xi	 [ 1.01593977e+01  8.02823552e+00  6.29546232e+00  4.97660166e+00  3.86029185e+00  3.01214700e+00  2.32744389e+00  1.84067664e+00  1.45198466e+00  1.14363998e+00  9.06100595e-01  7.22626727e-01  5.68457727e-01  4.46824744e-01  3.46060529e-01  2.64387608e-01  1.88485403e-01  1.28964306e-01  8.47278005e-02  4.98968029e-02  2.71440428e-02  1.17167494e-02 -7.94174847e-04]
	 xi_err	 [0.31014501 0.28003037 0.26017407 0.24020802 0.20916352 0.17678311 0.14168089 0.12208612 0.09954506 0.08054811 0.06918068 0.05736937 0.04814068 0.0413352  0.0358122  0.03170871 0.02568962 0.02021839 0.01583814 0.0116958  0.00806558 0.00555529 0.0038366 ]


Box 15 , z = 6 , logM[Msun] = 8.5 - 9.0 :
	 r[Mpc]	 [0.05660723 0.07126428 0.08971641 0.11294627 0.14219093 0.17900778 0.22535744 0.2837082  0.35716747 0.4496472  0.56607229 0.71264279 0.89716412 1.12946271 1.4219093  1.79007775 2.25357437 2.83708205 3.57167468 4.49647202 5.66072289 7.1264279  8.97164117]
	 xi	 [ 1.36491306e+01  1.06229111e+01  8.20727874e+00  6.38601901e+00  4.94634317e+00  3.78377545e+00  2.91337872e+00  2.28335018e+00  1.78133051e+00  1.38479982e+00  1.08242513e+00  8.57390589e-01  6.75949576e-01  5.26499602e-01  4.05686112e-01  3.07783928e-01  2.18638964e-01  1.48542487e-01  9.83242562e-02  5.74668769e-02  3.12556784e-02  1.45339468e-02 -6.78702101e-05]
	 xi_err	 [0.44395395 0.38771562 0.32762379 0.28952543 0.2601675  0.21174686 0.17721853 0.15233663 0.12233151 0.09889369 0.08092356 0.06750525 0.05762606 0.04796811 0.042116   0.03689748 0.02984042 0.02313295 0.01851426 0.01361313 0.0094439  0.0068534  0.00448676]


Box 15 , z = 6 , logM[Msun] = 9 - 9.5 :
	 r[Mpc]	 [0.05660723 0.07126428 0.08971641 0.11294627 0.14219093 0.17900778 0.22535744 0.2837082  0.35716747 0.4496472  0.56607229 0.71264279 0.89716412 1.12946271 1.4219093  1.79007775 2.25357437 2.83708205 3.57167468 4.49647202 5.66072289 7.1264279  8.97164117]
	 xi	 [ 2.23083818e+01  1.53109953e+01  1.14898888e+01  8.83085552e+00  6.68673532e+00  5.08907397e+00  3.78399955e+00  2.84289633e+00  2.20068319e+00  1.72160750e+00  1.32644094e+00  1.05912183e+00  8.20535803e-01  6.41678518e-01  4.93011369e-01  3.66675832e-01  2.60834397e-01  1.75624983e-01  1.17824265e-01  6.84420618e-02  3.74923291e-02  1.77267535e-02 -3.76291893e-04]
	 xi_err	 [0.86593008 0.68919244 0.6213164  0.55382342 0.43540451 0.35063569 0.2569124  0.20209958 0.15753791 0.13633697 0.11315273 0.09397748 0.07493165 0.0610314  0.05343572 0.04565444 0.03605771 0.02781025 0.02275362 0.01657582 0.01097305 0.00758546 0.00545191]


Box 15 , z = 6 , logM[Msun] = 9.5 - 10.0 :
	 r[Mpc]	 [0.05660723 0.07126428 0.08971641 0.11294627 0.14219093 0.17900778 0.22535744 0.2837082  0.35716747 0.4496472  0.56607229 0.71264279 0.89716412 1.12946271 1.4219093  1.79007775 2.25357437 2.83708205 3.57167468 4.49647202 5.66072289 7.1264279  8.97164117]
	 xi	 [5.35859316e+01 2.76425131e+01 1.71617341e+01 1.23513514e+01 9.30434577e+00 6.99901005e+00 5.36830371e+00 4.07444443e+00 3.04792267e+00 2.26969027e+00 1.70179287e+00 1.34497173e+00 1.01992495e+00 7.94470718e-01 6.06859411e-01 4.65245427e-01 3.32574245e-01 2.26576545e-01 1.50785951e-01 8.97288828e-02 4.66583488e-02 2.10755040e-02 4.82799453e-04]
	 xi_err	 [1.94840561 1.41455779 0.93197918 0.72802892 0.60951246 0.56526403 0.41291302 0.32174771 0.28536528 0.19468484 0.14343768 0.13115219 0.10720969 0.08869531 0.07155703 0.06000426 0.04722265 0.03699083 0.03005612 0.02183183 0.01396936 0.00994671 0.00703388]


Box 15 , z = 7 , logM[Msun] = 8 - 8.5 :
	 r[Mpc]	 [0.05660723 0.07126428 0.08971641 0.11294627 0.14219093 0.17900778 0.22535744 0.2837082  0.35716747 0.4496472  0.56607229 0.71264279 0.89716412 1.12946271 1.4219093  1.79007775 2.25357437 2.83708205 3.57167468 4.49647202 5.66072289 7.1264279  8.97164117]
	 xi	 [ 9.61242823e+00  7.43494626e+00  5.86305164e+00  4.54290934e+00  3.53787673e+00  2.73518510e+00  2.12196728e+00  1.67066007e+00  1.33333255e+00  1.05280848e+00  8.33323985e-01  6.65176504e-01  5.29930471e-01  4.17775895e-01  3.25211652e-01  2.48819709e-01  1.79682087e-01  1.22557714e-01  8.07896494e-02  4.82611239e-02  2.56582528e-02  1.09969206e-02 -6.08979328e-04]
	 xi_err	 [0.3067633  0.26825295 0.25594367 0.22123378 0.18499202 0.1553134  0.12355537 0.09950084 0.08481333 0.06722629 0.05651169 0.0496441  0.04217011 0.03651266 0.03204047 0.02853891 0.02377921 0.01873339 0.0147826  0.01111799 0.00762866 0.00535513 0.00363529]


Box 15 , z = 7 , logM[Msun] = 8.5 - 9.0 :
	 r[Mpc]	 [0.05660723 0.07126428 0.08971641 0.11294627 0.14219093 0.17900778 0.22535744 0.2837082  0.35716747 0.4496472  0.56607229 0.71264279 0.89716412 1.12946271 1.4219093  1.79007775 2.25357437 2.83708205 3.57167468 4.49647202 5.66072289 7.1264279  8.97164117]
	 xi	 [1.33132538e+01 1.04381690e+01 7.82250585e+00 6.04261138e+00 4.54927762e+00 3.53666557e+00 2.70408646e+00 2.11318492e+00 1.64185955e+00 1.29612196e+00 1.00703889e+00 7.93591500e-01 6.31368996e-01 5.00135555e-01 3.89878918e-01 2.96749775e-01 2.14588871e-01 1.44484962e-01 9.55572383e-02 5.68653372e-02 2.97320401e-02 1.35401227e-02 7.49332470e-05]
	 xi_err	 [0.43827335 0.42037682 0.35469619 0.31528926 0.2474125  0.21247648 0.16867473 0.13491675 0.11202807 0.08997581 0.07299202 0.06102842 0.05145976 0.04488989 0.03915206 0.03484573 0.02902511 0.02259904 0.01797658 0.01354059 0.00922857 0.00649382 0.00435423]


Box 15 , z = 7 , logM[Msun] = 9 - 9.5 :
	 r[Mpc]	 [0.05660723 0.07126428 0.08971641 0.11294627 0.14219093 0.17900778 0.22535744 0.2837082  0.35716747 0.4496472  0.56607229 0.71264279 0.89716412 1.12946271 1.4219093  1.79007775 2.25357437 2.83708205 3.57167468 4.49647202 5.66072289 7.1264279  8.97164117]
	 xi	 [2.13152926e+01 1.54937526e+01 1.12492762e+01 8.50659386e+00 6.26650991e+00 4.74989848e+00 3.66766105e+00 2.78505674e+00 2.12394950e+00 1.62896901e+00 1.27938398e+00 1.00863422e+00 7.88466671e-01 6.16396313e-01 4.77431556e-01 3.56644411e-01 2.58958964e-01 1.75518009e-01 1.15290952e-01 6.79314147e-02 3.59020968e-02 1.62935646e-02 4.38313500e-04]
	 xi_err	 [0.95705907 0.67054309 0.51642169 0.46924119 0.42591945 0.35318346 0.28269557 0.22591867 0.17487644 0.13205166 0.11375091 0.0925783  0.07695839 0.0644935  0.05411069 0.04694396 0.03725656 0.02859782 0.02297724 0.01690807 0.01098087 0.00777606 0.00526048]


Box 15 , z = 8 , logM[Msun] = 8 - 8.5 :
	 r[Mpc]	 [0.05660723 0.07126428 0.08971641 0.11294627 0.14219093 0.17900778 0.22535744 0.2837082  0.35716747 0.4496472  0.56607229 0.71264279 0.89716412 1.12946271 1.4219093  1.79007775 2.25357437 2.83708205 3.57167468 4.49647202 5.66072289 7.1264279  8.97164117]
	 xi	 [ 9.30263816e+00  6.95918806e+00  5.40717317e+00  4.14676308e+00  3.25347255e+00  2.51052774e+00  1.97245131e+00  1.56151376e+00  1.24553880e+00  1.00022924e+00  7.91690202e-01  6.30163446e-01  5.05197881e-01  4.02655130e-01  3.15892195e-01  2.42724736e-01  1.77145053e-01  1.20920307e-01  7.98663560e-02  4.81878054e-02  2.50993019e-02  1.06203113e-02 -9.62215169e-05]
	 xi_err	 [0.32432172 0.27850067 0.23756177 0.20651769 0.16762937 0.13527894 0.11285672 0.0930278  0.07858178 0.06611994 0.05461534 0.04714842 0.04051387 0.035553   0.031045   0.02801306 0.02357365 0.01854063 0.01469202 0.01117824 0.00765973 0.00528876 0.00357592]


Box 15 , z = 8 , logM[Msun] = 8.5 - 9.0 :
	 r[Mpc]	 [0.05660723 0.07126428 0.08971641 0.11294627 0.14219093 0.17900778 0.22535744 0.2837082  0.35716747 0.4496472  0.56607229 0.71264279 0.89716412 1.12946271 1.4219093  1.79007775 2.25357437 2.83708205 3.57167468 4.49647202 5.66072289 7.1264279  8.97164117]
	 xi	 [1.31711928e+01 1.00430195e+01 7.43939881e+00 5.76625041e+00 4.36888512e+00 3.29101385e+00 2.54137803e+00 1.98373468e+00 1.57352857e+00 1.24597716e+00 9.72930067e-01 7.64450058e-01 6.07406522e-01 4.80966667e-01 3.76706893e-01 2.84883647e-01 2.07297483e-01 1.40491799e-01 9.31669479e-02 5.68531805e-02 2.96350407e-02 1.35891283e-02 6.20636002e-04]
	 xi_err	 [0.54788881 0.40617852 0.34763324 0.27536138 0.22969326 0.17122512 0.1443857  0.1216498  0.10514793 0.08847738 0.07378368 0.0606053  0.05080526 0.04449407 0.03838377 0.03365858 0.02792695 0.02194479 0.01743524 0.01364782 0.00915581 0.00641523 0.00425243]


Box 15 , z = 8 , logM[Msun] = 9 - 9.5 :
	 r[Mpc]	 [0.05660723 0.07126428 0.08971641 0.11294627 0.14219093 0.17900778 0.22535744 0.2837082  0.35716747 0.4496472  0.56607229 0.71264279 0.89716412 1.12946271 1.4219093  1.79007775 2.25357437 2.83708205 3.57167468 4.49647202 5.66072289 7.1264279  8.97164117]
	 xi	 [2.00618439e+01 1.42811386e+01 1.09197131e+01 8.20200290e+00 6.23264314e+00 4.60264300e+00 3.50711944e+00 2.67143898e+00 2.03209411e+00 1.59791390e+00 1.23691762e+00 9.70906941e-01 7.50970438e-01 5.88538215e-01 4.60700031e-01 3.49479521e-01 2.56724262e-01 1.74203233e-01 1.15737674e-01 6.99342921e-02 3.78385842e-02 1.73985806e-02 1.40180536e-03]
	 xi_err	 [0.86108672 0.67036871 0.5329708  0.44001463 0.35728931 0.27203404 0.25615683 0.19030065 0.16406196 0.1322509  0.1052026  0.0886768  0.07110051 0.06166451 0.05228584 0.04541928 0.03776197 0.02918238 0.02327522 0.01721704 0.01096056 0.00766061 0.0054606 ]


Box 15 , z = 9 , logM[Msun] = 8 - 8.5 :
	 r[Mpc]	 [0.05660723 0.07126428 0.08971641 0.11294627 0.14219093 0.17900778 0.22535744 0.2837082  0.35716747 0.4496472  0.56607229 0.71264279 0.89716412 1.12946271 1.4219093  1.79007775 2.25357437 2.83708205 3.57167468 4.49647202 5.66072289 7.1264279  8.97164117]
	 xi	 [8.93737279e+00 6.68764954e+00 5.20711737e+00 3.97659063e+00 3.08417647e+00 2.39448689e+00 1.89715400e+00 1.49372566e+00 1.19449426e+00 9.57862797e-01 7.66890368e-01 6.05220176e-01 4.84874575e-01 3.85976857e-01 3.04159978e-01 2.34778373e-01 1.71676182e-01 1.17812713e-01 7.73000643e-02 4.73895193e-02 2.48320533e-02 1.09886704e-02 3.41574002e-04]
	 xi_err	 [0.32527706 0.27018883 0.21904755 0.18771006 0.15497676 0.124455   0.10126468 0.08426791 0.07006025 0.06121838 0.05191683 0.04386142 0.03800236 0.03365507 0.02948873 0.02665339 0.0226344  0.01799596 0.0142729  0.010965   0.00742388 0.00516846 0.00348267]


Box 15 , z = 9 , logM[Msun] = 8.5 - 9.0 :
	 r[Mpc]	 [0.05660723 0.07126428 0.08971641 0.11294627 0.14219093 0.17900778 0.22535744 0.2837082  0.35716747 0.4496472  0.56607229 0.71264279 0.89716412 1.12946271 1.4219093  1.79007775 2.25357437 2.83708205 3.57167468 4.49647202 5.66072289 7.1264279  8.97164117]
	 xi	 [1.30566218e+01 9.38083062e+00 7.19979611e+00 5.53722097e+00 4.24025056e+00 3.22662364e+00 2.48830954e+00 1.94448914e+00 1.53435283e+00 1.21965908e+00 9.67279182e-01 7.59476756e-01 6.00715328e-01 4.73741580e-01 3.71114309e-01 2.80135689e-01 2.04755099e-01 1.38599722e-01 9.18136298e-02 5.69801931e-02 3.04534006e-02 1.36199841e-02 1.09648816e-03]
	 xi_err	 [0.63478233 0.35806707 0.32923468 0.25781533 0.22309565 0.17180143 0.1402832  0.11984509 0.10660631 0.08950066 0.07510696 0.06167193 0.05118151 0.04411411 0.038704   0.03407122 0.02852555 0.02252445 0.01775387 0.01368039 0.00934945 0.00640387 0.00419036]


Box 15 , z = 9 , logM[Msun] = 9 - 9.5 :
	 r[Mpc]	 [0.05660723 0.07126428 0.08971641 0.11294627 0.14219093 0.17900778 0.22535744 0.2837082  0.35716747 0.4496472  0.56607229 0.71264279 0.89716412 1.12946271 1.4219093  1.79007775 2.25357437 2.83708205 3.57167468 4.49647202 5.66072289 7.1264279  8.97164117]
	 xi	 [2.15319987e+01 1.43715937e+01 1.09111111e+01 8.08482243e+00 5.99502253e+00 4.46370417e+00 3.34570733e+00 2.54418573e+00 2.00196519e+00 1.56486253e+00 1.22073724e+00 9.47758357e-01 7.45734779e-01 5.84481307e-01 4.55064424e-01 3.53573884e-01 2.63119399e-01 1.80408468e-01 1.18834667e-01 7.23560923e-02 3.78665173e-02 1.58247233e-02 9.46659625e-04]
	 xi_err	 [1.12467452 0.90514853 0.69137369 0.51820563 0.38561712 0.31423755 0.23425708 0.19576602 0.18101144 0.15399534 0.12973171 0.09899801 0.08439738 0.06866389 0.05590652 0.04776295 0.03894762 0.02960168 0.02312708 0.01752803 0.01150406 0.00790411 0.00550077]


Box 15 , z = 10 , logM[Msun] = 8 - 8.5 :
	 r[Mpc]	 [0.05660723 0.07126428 0.08971641 0.11294627 0.14219093 0.17900778 0.22535744 0.2837082  0.35716747 0.4496472  0.56607229 0.71264279 0.89716412 1.12946271 1.4219093  1.79007775 2.25357437 2.83708205 3.57167468 4.49647202 5.66072289 7.1264279  8.97164117]
	 xi	 [8.65205561e+00 6.38223832e+00 5.01682999e+00 3.74454075e+00 2.96119226e+00 2.30718382e+00 1.83661038e+00 1.45060383e+00 1.16759805e+00 9.31280824e-01 7.47065640e-01 5.94946017e-01 4.72459804e-01 3.76828878e-01 2.98150566e-01 2.30007463e-01 1.70307238e-01 1.17018732e-01 7.64368888e-02 4.77565259e-02 2.55776303e-02 1.15495802e-02 7.32170191e-04]
	 xi_err	 [0.33502731 0.25806947 0.20743009 0.17122081 0.14629688 0.11234211 0.10464877 0.08343467 0.07210696 0.06157141 0.05293854 0.04528898 0.03826182 0.03328601 0.0293531  0.02620548 0.0227383  0.01819499 0.01432106 0.0111002  0.00771232 0.00531802 0.00345708]


Box 15 , z = 10 , logM[Msun] = 8.5 - 9.0 :
	 r[Mpc]	 [0.05660723 0.07126428 0.08971641 0.11294627 0.14219093 0.17900778 0.22535744 0.2837082  0.35716747 0.4496472  0.56607229 0.71264279 0.89716412 1.12946271 1.4219093  1.79007775 2.25357437 2.83708205 3.57167468 4.49647202 5.66072289 7.1264279  8.97164117]
	 xi	 [1.30045588e+01 9.43577976e+00 7.10608494e+00 5.28909968e+00 4.06141337e+00 3.10784016e+00 2.46671086e+00 1.91571487e+00 1.51175659e+00 1.18675280e+00 9.42533655e-01 7.38955803e-01 5.81626095e-01 4.58196532e-01 3.58837196e-01 2.72585678e-01 2.01196153e-01 1.37578356e-01 8.99899515e-02 5.56347957e-02 2.96358685e-02 1.30109345e-02 8.85908912e-04]
	 xi_err	 [0.66863702 0.51611484 0.38360658 0.30840002 0.21762244 0.18333953 0.14709528 0.11782423 0.10198079 0.0877205  0.07528752 0.06186279 0.0514764  0.04454382 0.03862993 0.03347286 0.02853759 0.02257852 0.01748304 0.0133338  0.00891853 0.00608157 0.00441336]


Box 15 , z = 11 , logM[Msun] = 8 - 8.5 :
	 r[Mpc]	 [0.05660723 0.07126428 0.08971641 0.11294627 0.14219093 0.17900778 0.22535744 0.2837082  0.35716747 0.4496472  0.56607229 0.71264279 0.89716412 1.12946271 1.4219093  1.79007775 2.25357437 2.83708205 3.57167468 4.49647202 5.66072289 7.1264279  8.97164117]
	 xi	 [8.69874407e+00 6.45767016e+00 4.91392104e+00 3.74996988e+00 2.92827178e+00 2.26834473e+00 1.82216561e+00 1.44990061e+00 1.15665994e+00 9.28644614e-01 7.48022905e-01 5.98143264e-01 4.72810667e-01 3.76973029e-01 2.96601926e-01 2.29285791e-01 1.69743309e-01 1.17376039e-01 7.70389127e-02 4.85207542e-02 2.59284856e-02 1.15491823e-02 9.39316230e-04]
	 xi_err	 [0.36997788 0.28870713 0.24095516 0.17988207 0.14633919 0.11580656 0.10450826 0.08699681 0.0751087  0.065298   0.05585414 0.04711562 0.04012942 0.03487168 0.03068369 0.02691525 0.02320996 0.01852263 0.01457052 0.01149699 0.00795846 0.00543962 0.00347026]


Box 15 , z = 11 , logM[Msun] = 8.5 - 9.0 :
	 r[Mpc]	 [0.05660723 0.07126428 0.08971641 0.11294627 0.14219093 0.17900778 0.22535744 0.2837082  0.35716747 0.4496472  0.56607229 0.71264279 0.89716412 1.12946271 1.4219093  1.79007775 2.25357437 2.83708205 3.57167468 4.49647202 5.66072289 7.1264279  8.97164117]
	 xi	 [1.23962497e+01 9.08632619e+00 6.87372253e+00 5.21513922e+00 3.92096795e+00 3.04176634e+00 2.33254586e+00 1.82545551e+00 1.41880820e+00 1.13878050e+00 8.96691667e-01 7.09989243e-01 5.59018752e-01 4.43277753e-01 3.46159255e-01 2.63523287e-01 1.92929791e-01 1.32455053e-01 8.67180511e-02 5.36146935e-02 2.87048405e-02 1.32504911e-02 1.47221547e-03]
	 xi_err	 [0.60101785 0.49591226 0.35659143 0.28569125 0.21344041 0.17691574 0.14226186 0.11937409 0.09770785 0.08928422 0.07528119 0.06404107 0.0527058  0.04583083 0.03919731 0.03400654 0.02863615 0.02226822 0.01710956 0.01320743 0.00897858 0.00610842 0.00420627]


Box 15 , z = 12 , logM[Msun] = 8 - 8.5 :
	 r[Mpc]	 [0.05660723 0.07126428 0.08971641 0.11294627 0.14219093 0.17900778 0.22535744 0.2837082  0.35716747 0.4496472  0.56607229 0.71264279 0.89716412 1.12946271 1.4219093  1.79007775 2.25357437 2.83708205 3.57167468 4.49647202 5.66072289 7.1264279  8.97164117]
	 xi	 [8.21682538e+00 6.46684802e+00 4.79391358e+00 3.64956677e+00 2.87648440e+00 2.23588120e+00 1.80861236e+00 1.43788198e+00 1.14585728e+00 9.18927719e-01 7.35779045e-01 5.91119835e-01 4.67375106e-01 3.72199104e-01 2.95135612e-01 2.27075210e-01 1.67636736e-01 1.16305919e-01 7.68988563e-02 4.86436107e-02 2.69991107e-02 1.25013726e-02 1.65316593e-03]
	 xi_err	 [0.42670775 0.28619843 0.24536054 0.19144826 0.15181762 0.12851056 0.10839802 0.09203719 0.07818457 0.06726262 0.05870187 0.04988834 0.04159372 0.03628321 0.03173701 0.02728455 0.02326165 0.01841547 0.01441158 0.01120672 0.00786922 0.00554063 0.00358073]


Box 15 , z = 12 , logM[Msun] = 8.5 - 9.0 :
	 r[Mpc]	 [0.05660723 0.07126428 0.08971641 0.11294627 0.14219093 0.17900778 0.22535744 0.2837082  0.35716747 0.4496472  0.56607229 0.71264279 0.89716412 1.12946271 1.4219093  1.79007775 2.25357437 2.83708205 3.57167468 4.49647202 5.66072289 7.1264279  8.97164117]
	 xi	 [1.27956532e+01 9.28013055e+00 6.71386032e+00 5.21466544e+00 3.89094763e+00 3.02520827e+00 2.31770848e+00 1.83948735e+00 1.41189565e+00 1.14418715e+00 9.00383979e-01 7.24336515e-01 5.65150559e-01 4.50573174e-01 3.49521055e-01 2.71440449e-01 2.00738720e-01 1.41016226e-01 9.40043421e-02 6.05399423e-02 3.22329446e-02 1.39992531e-02 2.06982186e-03]
	 xi_err	 [0.79560354 0.5791331  0.38695957 0.36195275 0.27324896 0.2256993  0.17843486 0.14292014 0.11172494 0.0932807  0.08233549 0.07266518 0.06034372 0.05019494 0.04198807 0.03629707 0.03023057 0.02377439 0.01813089 0.01435107 0.00982706 0.00665921 0.00422925]


Box 15 , z = 13 , logM[Msun] = 8 - 8.5 :
	 r[Mpc]	 [0.05660723 0.07126428 0.08971641 0.11294627 0.14219093 0.17900778 0.22535744 0.2837082  0.35716747 0.4496472  0.56607229 0.71264279 0.89716412 1.12946271 1.4219093  1.79007775 2.25357437 2.83708205 3.57167468 4.49647202 5.66072289 7.1264279  8.97164117]
	 xi	 [8.14637318e+00 6.23553709e+00 4.83738369e+00 3.68913999e+00 2.84995550e+00 2.17018746e+00 1.76045200e+00 1.38777538e+00 1.10864347e+00 8.91845559e-01 7.21568384e-01 5.79199071e-01 4.60663717e-01 3.65317005e-01 2.88098197e-01 2.21476588e-01 1.63097114e-01 1.14449178e-01 7.57649890e-02 4.83275918e-02 2.67154016e-02 1.18435465e-02 1.56526490e-03]
	 xi_err	 [0.5044376  0.3368254  0.2813633  0.21090143 0.15952927 0.13017777 0.11008983 0.09005804 0.07915986 0.06663412 0.05908346 0.05089546 0.04311325 0.03740952 0.03244644 0.02780819 0.02380783 0.01872603 0.01440147 0.01121222 0.00776255 0.00532232 0.00356189]


Box 15 , z = 14 , logM[Msun] = 8 - 8.5 :
	 r[Mpc]	 [0.05660723 0.07126428 0.08971641 0.11294627 0.14219093 0.17900778 0.22535744 0.2837082  0.35716747 0.4496472  0.56607229 0.71264279 0.89716412 1.12946271 1.4219093  1.79007775 2.25357437 2.83708205 3.57167468 4.49647202 5.66072289 7.1264279  8.97164117]
	 xi	 [7.98039714e+00 6.08069122e+00 4.69703625e+00 3.45198068e+00 2.73509378e+00 2.23336684e+00 1.72641857e+00 1.40784761e+00 1.09360088e+00 8.91761043e-01 7.08591754e-01 5.69237872e-01 4.50954329e-01 3.53754461e-01 2.78814010e-01 2.13534933e-01 1.56528935e-01 1.09011182e-01 7.26532572e-02 4.69688271e-02 2.58463124e-02 1.09914685e-02 1.29476658e-03]
	 xi_err	 [0.46049517 0.30794886 0.25337948 0.2080861  0.17539549 0.1290254  0.11697306 0.10125242 0.07966333 0.06894156 0.05646099 0.0518457  0.04393896 0.03722973 0.03262767 0.02746925 0.0232     0.01805146 0.01403408 0.01115758 0.00769042 0.00517588 0.00342824]


Box 15 , z = 15 , logM[Msun] = 8 - 8.5 :
	 r[Mpc]	 [0.05660723 0.07126428 0.08971641 0.11294627 0.14219093 0.17900778 0.22535744 0.2837082  0.35716747 0.4496472  0.56607229 0.71264279 0.89716412 1.12946271 1.4219093  1.79007775 2.25357437 2.83708205 3.57167468 4.49647202 5.66072289 7.1264279  8.97164117]
	 xi	 [8.27655013e+00 6.06059735e+00 4.78956408e+00 3.36502613e+00 2.70070549e+00 2.17440267e+00 1.68353234e+00 1.38522622e+00 1.06634342e+00 8.68680405e-01 6.95476837e-01 5.58451031e-01 4.38520135e-01 3.47259678e-01 2.72414574e-01 2.11069474e-01 1.56614059e-01 1.11001799e-01 7.47130190e-02 4.92609285e-02 2.80697768e-02 1.13501948e-02 9.78893928e-04]
	 xi_err	 [0.68225166 0.40633534 0.34198217 0.19635327 0.1931653  0.13338799 0.11414597 0.10112795 0.07902597 0.06501357 0.05871389 0.05024348 0.04325614 0.03638889 0.03232393 0.02763844 0.02316476 0.01779642 0.0138415  0.01113055 0.00768182 0.00529484 0.00353279]


Box 35 , z = 6 , logM[Msun] = 9 - 9.5 :
	 r[Mpc]	 [ 0.11294627  0.14219093  0.17900778  0.22535744  0.2837082   0.35716747  0.4496472   0.56607229  0.71264279  0.89716412  1.12946271  1.4219093   1.79007775  2.25357437  2.83708205  3.57167468  4.49647202  5.66072289  7.1264279   8.97164117 11.29462706 14.21909302 17.90077754 22.53574373]
	 xi	 [ 8.90450175e+00  6.90015396e+00  5.25907298e+00  4.04275717e+00  3.11384788e+00  2.39731126e+00  1.85756148e+00  1.44414659e+00  1.13332456e+00  8.92401552e-01  7.11983335e-01  5.53933269e-01  4.35749134e-01  3.41909803e-01  2.65877255e-01  2.03577409e-01  1.51092034e-01  1.04900392e-01  6.79337369e-02  4.19644074e-02  2.31121768e-02  1.07382757e-02  3.48777707e-03 -2.81407071e-03]
	 xi_err	 [0.2133454  0.18887809 0.15151218 0.1270433  0.11506326 0.09075867 0.07260439 0.05966845 0.04975824 0.04270168 0.03789839 0.03155964 0.02739357 0.02387241 0.02107132 0.018522   0.01668932 0.01394868 0.01104692 0.00874009 0.00642739 0.00429055 0.00310845 0.00208044]


Box 35 , z = 6 , logM[Msun] = 9.5 - 10.0 :
	 r[Mpc]	 [ 0.11294627  0.14219093  0.17900778  0.22535744  0.2837082   0.35716747  0.4496472   0.56607229  0.71264279  0.89716412  1.12946271  1.4219093   1.79007775  2.25357437  2.83708205  3.57167468  4.49647202  5.66072289  7.1264279   8.97164117 11.29462706 14.21909302 17.90077754 22.53574373]
	 xi	 [ 1.29240885e+01  9.81359894e+00  7.50589710e+00  5.58591271e+00  4.23929680e+00  3.18807158e+00  2.40717387e+00  1.83071816e+00  1.43461509e+00  1.11558414e+00  8.78865199e-01  6.75079021e-01  5.26869408e-01  4.13135699e-01  3.20225030e-01  2.44350049e-01  1.80142037e-01  1.25310325e-01  8.02864770e-02  5.02529543e-02  2.74237223e-02  1.25568689e-02  4.64830574e-03 -2.77027091e-03]
	 xi_err	 [0.3317238  0.30707074 0.23398122 0.20229161 0.15892214 0.12154098 0.09540224 0.08070566 0.06520719 0.05773586 0.04938661 0.04093909 0.03412594 0.02907344 0.02577968 0.0225721  0.02044018 0.01715315 0.01342221 0.01059774 0.00773769 0.00523355 0.00378383 0.00248668]


Box 35 , z = 6 , logM[Msun] = 10 - 10.5 :
	 r[Mpc]	 [ 0.11294627  0.14219093  0.17900778  0.22535744  0.2837082   0.35716747  0.4496472   0.56607229  0.71264279  0.89716412  1.12946271  1.4219093   1.79007775  2.25357437  2.83708205  3.57167468  4.49647202  5.66072289  7.1264279   8.97164117 11.29462706 14.21909302 17.90077754 22.53574373]
	 xi	 [ 2.17063787e+01  1.49494243e+01  1.10639595e+01  7.94853425e+00  5.97896157e+00  4.46601470e+00  3.36101037e+00  2.52032428e+00  1.92533430e+00  1.47075627e+00  1.14766451e+00  8.73606587e-01  6.70408688e-01  5.11258523e-01  3.94857065e-01  3.00449247e-01  2.19976270e-01  1.55381247e-01  1.00065145e-01  6.37228932e-02  3.63080216e-02  1.65522119e-02  6.75585872e-03 -2.48659104e-03]
	 xi_err	 [0.76322014 0.56387044 0.47593428 0.31406696 0.24993169 0.22222957 0.16831133 0.14315837 0.11300709 0.0952366  0.07880325 0.06273033 0.05178468 0.04205164 0.03601372 0.03037048 0.02675174 0.0219896  0.01713559 0.01415044 0.0102069  0.00669016 0.00484737 0.00306547]


Box 35 , z = 7 , logM[Msun] = 9 - 9.5 :
	 r[Mpc]	 [ 0.11294627  0.14219093  0.17900778  0.22535744  0.2837082   0.35716747  0.4496472   0.56607229  0.71264279  0.89716412  1.12946271  1.4219093   1.79007775  2.25357437  2.83708205  3.57167468  4.49647202  5.66072289  7.1264279   8.97164117 11.29462706 14.21909302 17.90077754 22.53574373]
	 xi	 [ 8.76688655e+00  6.48576766e+00  5.04167591e+00  3.79429346e+00  2.89755575e+00  2.24508931e+00  1.74247873e+00  1.36931280e+00  1.07676229e+00  8.48183264e-01  6.72473549e-01  5.33858335e-01  4.15347039e-01  3.25876396e-01  2.54444906e-01  1.96418530e-01  1.45872417e-01  1.01592331e-01  6.56758423e-02  4.07290168e-02  2.27423537e-02  1.00688063e-02  3.43714593e-03 -2.31731641e-03]
	 xi_err	 [0.22470036 0.18266785 0.16517121 0.12682789 0.10238093 0.08082211 0.0678179  0.05673185 0.04797391 0.04002255 0.03485092 0.03027485 0.02565043 0.022386   0.01972854 0.01734285 0.01579855 0.0133494  0.01050271 0.00837115 0.00621349 0.00418164 0.00299276 0.0019934 ]


Box 35 , z = 7 , logM[Msun] = 9.5 - 10.0 :
	 r[Mpc]	 [ 0.11294627  0.14219093  0.17900778  0.22535744  0.2837082   0.35716747  0.4496472   0.56607229  0.71264279  0.89716412  1.12946271  1.4219093   1.79007775  2.25357437  2.83708205  3.57167468  4.49647202  5.66072289  7.1264279   8.97164117 11.29462706 14.21909302 17.90077754 22.53574373]
	 xi	 [ 1.23901783e+01  9.75761585e+00  7.18609864e+00  5.28532498e+00  3.94879077e+00  3.01292030e+00  2.30742193e+00  1.76271279e+00  1.35629644e+00  1.06856620e+00  8.39267051e-01  6.56814335e-01  5.07125058e-01  3.93918639e-01  3.06478625e-01  2.33580294e-01  1.71184435e-01  1.19361032e-01  7.58491584e-02  4.71547073e-02  2.68145394e-02  1.22541170e-02  4.81946689e-03 -1.94555083e-03]
	 xi_err	 [0.35911284 0.28448465 0.23914438 0.21937772 0.16335629 0.12363591 0.10324979 0.08040851 0.06364881 0.05668538 0.04915764 0.0422656  0.03482529 0.02887101 0.02539703 0.02223091 0.01961952 0.01653814 0.01306407 0.01035601 0.00773467 0.00521618 0.00373637 0.00237021]


Box 35 , z = 7 , logM[Msun] = 10 - 10.5 :
	 r[Mpc]	 [ 0.11294627  0.14219093  0.17900778  0.22535744  0.2837082   0.35716747  0.4496472   0.56607229  0.71264279  0.89716412  1.12946271  1.4219093   1.79007775  2.25357437  2.83708205  3.57167468  4.49647202  5.66072289  7.1264279   8.97164117 11.29462706 14.21909302 17.90077754 22.53574373]
	 xi	 [ 2.06328965e+01  1.47010616e+01  1.09640812e+01  7.63567424e+00  5.50412395e+00  4.23425803e+00  3.17879471e+00  2.40808115e+00  1.81954519e+00  1.40377492e+00  1.09757937e+00  8.60366082e-01  6.50450553e-01  5.06605244e-01  3.87833269e-01  2.96944175e-01  2.22742533e-01  1.56995536e-01  1.00804567e-01  6.39411895e-02  3.68563683e-02  1.62817009e-02  5.93915997e-03 -2.71287085e-03]
	 xi_err	 [1.14339495 0.6937103  0.57953419 0.36762722 0.3450547  0.22927874 0.16788418 0.13427394 0.10641264 0.09763149 0.08561716 0.07595673 0.05922835 0.0485368  0.04039238 0.03350988 0.0286447  0.02336578 0.01833814 0.01470902 0.0108537  0.00690892 0.00476828 0.00336209]


Box 35 , z = 8 , logM[Msun] = 9 - 9.5 :
	 r[Mpc]	 [ 0.11294627  0.14219093  0.17900778  0.22535744  0.2837082   0.35716747  0.4496472   0.56607229  0.71264279  0.89716412  1.12946271  1.4219093   1.79007775  2.25357437  2.83708205  3.57167468  4.49647202  5.66072289  7.1264279   8.97164117 11.29462706 14.21909302 17.90077754 22.53574373]
	 xi	 [ 8.45447381e+00  6.30949809e+00  4.77335367e+00  3.58477772e+00  2.78224834e+00  2.11467037e+00  1.66527358e+00  1.31131190e+00  1.02944074e+00  8.18839494e-01  6.44808983e-01  5.12113339e-01  4.01168099e-01  3.13128361e-01  2.44365782e-01  1.88224238e-01  1.40089361e-01  9.85297685e-02  6.37022234e-02  3.94164653e-02  2.22959101e-02  9.97193968e-03  3.72183455e-03 -1.99371967e-03]
	 xi_err	 [0.26600045 0.19811424 0.15382737 0.11809522 0.10013925 0.08000229 0.06543824 0.0539832  0.0466847  0.03997542 0.03497397 0.03021663 0.02640051 0.022332   0.01964944 0.01716545 0.01545346 0.01323922 0.01041616 0.00818958 0.00614816 0.00418311 0.00299283 0.00192189]


Box 35 , z = 8 , logM[Msun] = 9.5 - 10.0 :
	 r[Mpc]	 [ 0.11294627  0.14219093  0.17900778  0.22535744  0.2837082   0.35716747  0.4496472   0.56607229  0.71264279  0.89716412  1.12946271  1.4219093   1.79007775  2.25357437  2.83708205  3.57167468  4.49647202  5.66072289  7.1264279   8.97164117 11.29462706 14.21909302 17.90077754 22.53574373]
	 xi	 [ 1.26996617e+01  9.41249225e+00  6.81397923e+00  5.12709706e+00  3.84226570e+00  2.89026556e+00  2.23470680e+00  1.74063246e+00  1.33372092e+00  1.05600429e+00  8.21283840e-01  6.45844883e-01  5.00991579e-01  3.86088907e-01  3.00057186e-01  2.29527297e-01  1.68886426e-01  1.18719410e-01  7.65763537e-02  4.81010688e-02  2.81274632e-02  1.27053590e-02  4.73385802e-03 -1.73477080e-03]
	 xi_err	 [0.48932592 0.41244866 0.26817215 0.19591921 0.16250916 0.12885154 0.10555327 0.0848422  0.06957214 0.05912292 0.04963323 0.04336928 0.03610199 0.0297073  0.02593935 0.022556   0.01984617 0.01685991 0.01336587 0.01052798 0.00779754 0.00524046 0.00370272 0.00242934]


Box 35 , z = 9 , logM[Msun] = 9 - 9.5 :
	 r[Mpc]	 [ 0.11294627  0.14219093  0.17900778  0.22535744  0.2837082   0.35716747  0.4496472   0.56607229  0.71264279  0.89716412  1.12946271  1.4219093   1.79007775  2.25357437  2.83708205  3.57167468  4.49647202  5.66072289  7.1264279   8.97164117 11.29462706 14.21909302 17.90077754 22.53574373]
	 xi	 [ 8.46466933e+00  6.09066879e+00  4.68600708e+00  3.49756710e+00  2.69355016e+00  2.07634536e+00  1.64640196e+00  1.30310625e+00  1.01546932e+00  8.03865886e-01  6.38038073e-01  5.04064763e-01  3.98552651e-01  3.09723617e-01  2.42151922e-01  1.85953320e-01  1.39066874e-01  9.82079007e-02  6.34842220e-02  3.97658589e-02  2.32268406e-02  1.05719658e-02  4.11747897e-03 -1.61080142e-03]
	 xi_err	 [0.31865971 0.21797093 0.16630096 0.12782632 0.1091545  0.08089766 0.07202732 0.05891974 0.05211604 0.04287233 0.03760434 0.03274857 0.02732831 0.02304231 0.02025896 0.01762113 0.01572879 0.01355063 0.01067147 0.00845049 0.00637495 0.00437944 0.00308513 0.00191434]


Box 35 , z = 9 , logM[Msun] = 9.5 - 10.0 :
	 r[Mpc]	 [ 0.11294627  0.14219093  0.17900778  0.22535744  0.2837082   0.35716747  0.4496472   0.56607229  0.71264279  0.89716412  1.12946271  1.4219093   1.79007775  2.25357437  2.83708205  3.57167468  4.49647202  5.66072289  7.1264279   8.97164117 11.29462706 14.21909302 17.90077754 22.53574373]
	 xi	 [ 1.26182055e+01  9.60253208e+00  6.69538797e+00  5.12843577e+00  3.86475850e+00  2.88448764e+00  2.19768553e+00  1.70497568e+00  1.34418870e+00  1.02338267e+00  8.09681380e-01  6.30943166e-01  4.94546052e-01  3.79416691e-01  2.95159550e-01  2.24663226e-01  1.65357601e-01  1.16120766e-01  7.50473440e-02  4.58478040e-02  2.63761218e-02  1.22113050e-02  5.05827261e-03 -1.41569208e-03]
	 xi_err	 [0.77366239 0.38654233 0.29037802 0.22537756 0.15853262 0.13105677 0.11832696 0.09380591 0.07595371 0.06027492 0.05472477 0.04832224 0.03973671 0.03326868 0.02876306 0.02403644 0.02113573 0.01795777 0.01393514 0.01050286 0.00785177 0.00525638 0.0037097  0.00241535]


Box 35 , z = 10 , logM[Msun] = 9 - 9.5 :
	 r[Mpc]	 [ 0.11294627  0.14219093  0.17900778  0.22535744  0.2837082   0.35716747  0.4496472   0.56607229  0.71264279  0.89716412  1.12946271  1.4219093   1.79007775  2.25357437  2.83708205  3.57167468  4.49647202  5.66072289  7.1264279   8.97164117 11.29462706 14.21909302 17.90077754 22.53574373]
	 xi	 [ 8.25078342e+00  6.09294014e+00  4.56927136e+00  3.58130420e+00  2.65172335e+00  2.07876735e+00  1.63478158e+00  1.28169114e+00  1.01570663e+00  7.95711824e-01  6.34147606e-01  5.02306857e-01  3.97448278e-01  3.08402501e-01  2.40363526e-01  1.85117457e-01  1.37828194e-01  9.71357977e-02  6.32752316e-02  3.93656750e-02  2.32079307e-02  1.06301973e-02  4.18153796e-03 -1.39226975e-03]
	 xi_err	 [0.35698593 0.26011282 0.1749715  0.13827515 0.1143843  0.09399673 0.07381071 0.06375099 0.05231321 0.0443061  0.03942768 0.03409438 0.02892745 0.02438752 0.02111682 0.01811058 0.01574261 0.01371069 0.01087079 0.00848211 0.00645114 0.00443666 0.00311356 0.00194031]


Box 35 , z = 10 , logM[Msun] = 9.5 - 10.0 :
	 r[Mpc]	 [ 0.11294627  0.14219093  0.17900778  0.22535744  0.2837082   0.35716747  0.4496472   0.56607229  0.71264279  0.89716412  1.12946271  1.4219093   1.79007775  2.25357437  2.83708205  3.57167468  4.49647202  5.66072289  7.1264279   8.97164117 11.29462706 14.21909302 17.90077754 22.53574373]
	 xi	 [ 1.28008036e+01  9.30046160e+00  6.68786893e+00  4.80322132e+00  3.73978589e+00  2.80462046e+00  2.06987312e+00  1.67298625e+00  1.29248359e+00  9.98728854e-01  7.92001616e-01  6.11304430e-01  4.79379139e-01  3.69067139e-01  2.82321103e-01  2.11983638e-01  1.58904754e-01  1.12757167e-01  7.37423268e-02  4.60514174e-02  2.68054866e-02  1.22688322e-02  4.94279512e-03 -9.71275014e-04]
	 xi_err	 [0.83529998 0.4686972  0.3296388  0.27144112 0.17896781 0.16214998 0.1118385  0.09895993 0.07752292 0.06227446 0.05124343 0.04445473 0.03804334 0.03170287 0.02729356 0.02294613 0.02059485 0.01736002 0.01291946 0.00970723 0.00766636 0.00517243 0.00381925 0.0024456 ]


Box 35 , z = 11 , logM[Msun] = 9 - 9.5 :
	 r[Mpc]	 [ 0.11294627  0.14219093  0.17900778  0.22535744  0.2837082   0.35716747  0.4496472   0.56607229  0.71264279  0.89716412  1.12946271  1.4219093   1.79007775  2.25357437  2.83708205  3.57167468  4.49647202  5.66072289  7.1264279   8.97164117 11.29462706 14.21909302 17.90077754 22.53574373]
	 xi	 [ 8.50436593e+00  6.10808579e+00  4.79161200e+00  3.57168410e+00  2.62057953e+00  2.06695930e+00  1.61657269e+00  1.25496786e+00  1.00768283e+00  7.85492521e-01  6.28930514e-01  4.98594546e-01  3.91380997e-01  3.03559677e-01  2.36831038e-01  1.82241836e-01  1.35585748e-01  9.53304553e-02  6.31755589e-02  3.97823146e-02  2.37643768e-02  1.05834016e-02  3.53979725e-03 -1.39012147e-03]
	 xi_err	 [0.47981065 0.28121688 0.20271548 0.15325335 0.12534442 0.0904348  0.07831395 0.0631643  0.05539654 0.04759413 0.03928224 0.03510369 0.02917077 0.02502555 0.02153103 0.01861855 0.0160959  0.01371291 0.01070616 0.00828697 0.00648462 0.00444179 0.00305257 0.00194719]


Box 35 , z = 12 , logM[Msun] = 9 - 9.5 :
	 r[Mpc]	 [ 0.11294627  0.14219093  0.17900778  0.22535744  0.2837082   0.35716747  0.4496472   0.56607229  0.71264279  0.89716412  1.12946271  1.4219093   1.79007775  2.25357437  2.83708205  3.57167468  4.49647202  5.66072289  7.1264279   8.97164117 11.29462706 14.21909302 17.90077754 22.53574373]
	 xi	 [ 8.32437647e+00  6.20542538e+00  4.42319806e+00  3.44230924e+00  2.57591567e+00  2.00631517e+00  1.53028857e+00  1.25324856e+00  9.77123333e-01  7.49641949e-01  6.09267353e-01  4.81230622e-01  3.77282813e-01  2.92578193e-01  2.23347543e-01  1.70001252e-01  1.26042104e-01  8.86966658e-02  5.76846584e-02  3.67501643e-02  2.22325326e-02  1.09877029e-02  4.30456303e-03 -8.45337064e-04]
	 xi_err	 [0.54247412 0.29091227 0.25350934 0.19727761 0.13563998 0.09294524 0.08571361 0.06725642 0.05549177 0.04749017 0.03840286 0.03446228 0.02982554 0.02545447 0.02193384 0.01902569 0.01643429 0.01385943 0.01040248 0.0080884  0.00631154 0.00426924 0.00303785 0.00181435]


Box 90 , z = 6 , logM[Msun] = 10 - 10.5 :
	 r[Mpc]	 [ 0.2837082   0.35716747  0.4496472   0.56607229  0.71264279  0.89716412  1.12946271  1.4219093   1.79007775  2.25357437  2.83708205  3.57167468  4.49647202  5.66072289  7.1264279   8.97164117 11.29462706 14.21909302 17.90077754 22.53574373 28.37082046 35.71674683 44.96472021 56.60722891]
	 xi	 [ 6.16098511e+00  4.51944283e+00  3.41814461e+00  2.59149387e+00  1.96483044e+00  1.51068850e+00  1.15499185e+00  8.97374443e-01  6.99067495e-01  5.40303590e-01  4.17430047e-01  3.22794994e-01  2.46895824e-01  1.86004950e-01  1.39273374e-01  1.02988251e-01  7.32137687e-02  4.81611626e-02  2.86084643e-02  1.59012571e-02  8.22426380e-03  2.79841142e-03  1.06465168e-03 -3.66660683e-04]
	 xi_err	 [0.13059941 0.08839261 0.07196283 0.06033827 0.04158046 0.03678628 0.02971278 0.02464662 0.02137002 0.01817887 0.01587556 0.01406479 0.01246205 0.010786   0.00926101 0.00796455 0.00695179 0.00613275 0.00490018 0.00381581 0.00287065 0.00198341 0.00144993 0.00098782]


Box 90 , z = 6 , logM[Msun] = 10.5 - 11.0 :
	 r[Mpc]	 [ 0.2837082   0.35716747  0.4496472   0.56607229  0.71264279  0.89716412  1.12946271  1.4219093   1.79007775  2.25357437  2.83708205  3.57167468  4.49647202  5.66072289  7.1264279   8.97164117 11.29462706 14.21909302 17.90077754 22.53574373 28.37082046 35.71674683 44.96472021 56.60722891]
	 xi	 [ 9.03102151e+00  6.69953497e+00  4.82263710e+00  3.65825455e+00  2.74280171e+00  2.03741133e+00  1.55559518e+00  1.17625327e+00  8.93089552e-01  6.84874600e-01  5.25042971e-01  4.01911741e-01  3.06150429e-01  2.28443528e-01  1.70437063e-01  1.25772610e-01  8.81054702e-02  5.75790346e-02  3.44074309e-02  1.89174165e-02  1.00170844e-02  3.64610447e-03  1.59283052e-03 -5.16798561e-05]
	 xi_err	 [0.2818435  0.20975512 0.13434173 0.09197587 0.07213803 0.0594942  0.04781622 0.04086996 0.03309576 0.0259827  0.02250103 0.02000076 0.01694776 0.01383205 0.0119105  0.01043695 0.00892368 0.00794631 0.00637697 0.00494208 0.00362828 0.00252865 0.00186537 0.00120115]


Box 90 , z = 6 , logM[Msun] = 11 - 11.5 :
	 r[Mpc]	 [ 0.2837082   0.35716747  0.4496472   0.56607229  0.71264279  0.89716412  1.12946271  1.4219093   1.79007775  2.25357437  2.83708205  3.57167468  4.49647202  5.66072289  7.1264279   8.97164117 11.29462706 14.21909302 17.90077754 22.53574373 28.37082046 35.71674683 44.96472021 56.60722891]
	 xi	 [1.47144567e+01 1.05545491e+01 7.29101748e+00 5.49488579e+00 3.78064754e+00 2.82873866e+00 2.16226871e+00 1.62286801e+00 1.18031324e+00 8.99531379e-01 6.92394959e-01 5.26941282e-01 3.96927431e-01 2.94643658e-01 2.19648382e-01 1.60381779e-01 1.12794716e-01 7.49662190e-02 4.37704701e-02 2.41183583e-02 1.22158456e-02 3.80180335e-03 1.44305231e-03 1.11017909e-04]
	 xi_err	 [0.65768414 0.46080396 0.26794622 0.17211559 0.15852284 0.10245014 0.08458087 0.06651676 0.05402168 0.04119276 0.03869991 0.03228847 0.02898631 0.02257578 0.01885399 0.01553942 0.01320707 0.01143519 0.00870523 0.0065928  0.00515928 0.00355071 0.00238379 0.00166018]


Box 90 , z = 7 , logM[Msun] = 10 - 10.5 :
	 r[Mpc]	 [ 0.2837082   0.35716747  0.4496472   0.56607229  0.71264279  0.89716412  1.12946271  1.4219093   1.79007775  2.25357437  2.83708205  3.57167468  4.49647202  5.66072289  7.1264279   8.97164117 11.29462706 14.21909302 17.90077754 22.53574373 28.37082046 35.71674683 44.96472021 56.60722891]
	 xi	 [ 6.00346496e+00  4.42496096e+00  3.27698548e+00  2.51383348e+00  1.88363664e+00  1.45037634e+00  1.12721207e+00  8.73216799e-01  6.77058060e-01  5.25341387e-01  4.04714825e-01  3.13827335e-01  2.39679261e-01  1.81685605e-01  1.36257913e-01  1.00894896e-01  7.21865386e-02  4.76385418e-02  2.84525272e-02  1.58272768e-02  8.72553748e-03  2.94731104e-03  1.13169922e-03 -2.30287239e-04]
	 xi_err	 [0.17132577 0.09905458 0.08415495 0.05811785 0.04686865 0.03754185 0.03165751 0.02691461 0.02259061 0.01967176 0.01676584 0.01494768 0.01287296 0.01100897 0.00941443 0.00815319 0.00707026 0.00629041 0.00502472 0.00386922 0.00289484 0.00203172 0.00147572 0.00096089]


Box 90 , z = 7 , logM[Msun] = 10.5 - 11.0 :
	 r[Mpc]	 [ 0.2837082   0.35716747  0.4496472   0.56607229  0.71264279  0.89716412  1.12946271  1.4219093   1.79007775  2.25357437  2.83708205  3.57167468  4.49647202  5.66072289  7.1264279   8.97164117 11.29462706 14.21909302 17.90077754 22.53574373 28.37082046 35.71674683 44.96472021 56.60722891]
	 xi	 [9.65714181e+00 6.60488144e+00 4.89117194e+00 3.43124459e+00 2.74325230e+00 1.98185602e+00 1.51293131e+00 1.16051552e+00 8.90895356e-01 6.79396936e-01 5.14510887e-01 3.97471533e-01 3.04278710e-01 2.26985377e-01 1.66612701e-01 1.22687619e-01 8.55501015e-02 5.50120649e-02 3.28908256e-02 1.82909386e-02 9.88231436e-03 3.54320488e-03 1.23849969e-03 2.15407415e-05]
	 xi_err	 [0.37405103 0.19771736 0.18183449 0.12358041 0.08653096 0.05711465 0.055005   0.04056504 0.03351897 0.02828706 0.02489765 0.02073218 0.01859926 0.01534211 0.01285206 0.01102101 0.00924085 0.00809705 0.0063492  0.0047861  0.00363649 0.00256046 0.00178004 0.00122668]


Box 90 , z = 8 , logM[Msun] = 10 - 10.5 :
	 r[Mpc]	 [ 0.2837082   0.35716747  0.4496472   0.56607229  0.71264279  0.89716412  1.12946271  1.4219093   1.79007775  2.25357437  2.83708205  3.57167468  4.49647202  5.66072289  7.1264279   8.97164117 11.29462706 14.21909302 17.90077754 22.53574373 28.37082046 35.71674683 44.96472021 56.60722891]
	 xi	 [ 6.07412129e+00  4.40519130e+00  3.19406715e+00  2.45465654e+00  1.90470518e+00  1.46795699e+00  1.11280632e+00  8.56707847e-01  6.65646970e-01  5.16645442e-01  3.98511764e-01  3.07185295e-01  2.35754222e-01  1.78992147e-01  1.33421376e-01  9.81672984e-02  6.93542061e-02  4.56937627e-02  2.73885349e-02  1.52636196e-02  8.55902333e-03  3.04010661e-03  1.19224933e-03 -1.75563611e-04]
	 xi_err	 [0.18448936 0.13970506 0.08265248 0.0647818  0.04971072 0.04205841 0.0354521  0.02733694 0.02469301 0.01952397 0.01770448 0.01586629 0.01364809 0.01144078 0.00957458 0.00825811 0.00704726 0.00632857 0.00506577 0.00392344 0.00292962 0.00205423 0.00145793 0.00093434]


Box 90 , z = 8 , logM[Msun] = 10.5 - 11.0 :
	 r[Mpc]	 [ 0.2837082   0.35716747  0.4496472   0.56607229  0.71264279  0.89716412  1.12946271  1.4219093   1.79007775  2.25357437  2.83708205  3.57167468  4.49647202  5.66072289  7.1264279   8.97164117 11.29462706 14.21909302 17.90077754 22.53574373 28.37082046 35.71674683 44.96472021 56.60722891]
	 xi	 [8.93224189e+00 6.74914546e+00 4.86563456e+00 3.55024214e+00 2.61054881e+00 1.95978984e+00 1.49318028e+00 1.07604163e+00 8.60409801e-01 6.69932832e-01 4.92311679e-01 3.80327071e-01 2.90445727e-01 2.14044729e-01 1.57768547e-01 1.12897907e-01 8.06713320e-02 5.19559755e-02 3.18517712e-02 1.82895329e-02 1.01213242e-02 4.20359907e-03 1.09663802e-03 2.50247343e-04]
	 xi_err	 [0.52168063 0.33367673 0.19952045 0.15393732 0.10729495 0.07046314 0.05877379 0.04203231 0.03346826 0.0279416  0.02224462 0.01974    0.01658215 0.01388355 0.01156352 0.00998345 0.00873064 0.0077136  0.00600179 0.00459853 0.00374757 0.0025074  0.00180578 0.00123828]


Box 90 , z = 9 , logM[Msun] = 10 - 10.5 :
	 r[Mpc]	 [ 0.2837082   0.35716747  0.4496472   0.56607229  0.71264279  0.89716412  1.12946271  1.4219093   1.79007775  2.25357437  2.83708205  3.57167468  4.49647202  5.66072289  7.1264279   8.97164117 11.29462706 14.21909302 17.90077754 22.53574373 28.37082046 35.71674683 44.96472021 56.60722891]
	 xi	 [ 5.81469768e+00  4.30031200e+00  3.25873030e+00  2.46568520e+00  1.81459392e+00  1.42546509e+00  1.10947397e+00  8.28581118e-01  6.61127737e-01  5.10818487e-01  3.87467512e-01  3.04880073e-01  2.31500939e-01  1.76530483e-01  1.32531386e-01  9.73127473e-02  6.97940456e-02  4.52182157e-02  2.69981684e-02  1.47485143e-02  7.64415507e-03  2.32397201e-03  6.83497029e-04 -2.17810881e-05]
	 xi_err	 [0.25277939 0.19247088 0.10025103 0.085087   0.06448271 0.04514806 0.03333107 0.02778917 0.02645569 0.01992338 0.0177058  0.01532273 0.01347003 0.01153512 0.00980925 0.00841796 0.0072776  0.00635844 0.00503739 0.00387108 0.00298277 0.00207534 0.00145301 0.00093247]


Box 90 , z = 10 , logM[Msun] = 10 - 10.5 :
	 r[Mpc]	 [ 0.2837082   0.35716747  0.4496472   0.56607229  0.71264279  0.89716412  1.12946271  1.4219093   1.79007775  2.25357437  2.83708205  3.57167468  4.49647202  5.66072289  7.1264279   8.97164117 11.29462706 14.21909302 17.90077754 22.53574373 28.37082046 35.71674683 44.96472021 56.60722891]
	 xi	 [5.68251557e+00 4.43161280e+00 2.76921602e+00 2.37821309e+00 1.82096479e+00 1.37706202e+00 1.09781676e+00 7.94202273e-01 6.29684227e-01 4.99831370e-01 3.77594838e-01 2.93429367e-01 2.22485679e-01 1.69278821e-01 1.27320730e-01 9.21129916e-02 6.54514016e-02 4.26450717e-02 2.58187834e-02 1.46185126e-02 7.95259334e-03 3.14666580e-03 9.23824853e-04 9.71915716e-05]
	 xi_err	 [0.36333977 0.2268692  0.1602821  0.10509481 0.07622672 0.05944601 0.04242163 0.03385123 0.02649514 0.02550741 0.01717157 0.01575062 0.01329123 0.01147161 0.01021209 0.00866157 0.00734806 0.00635028 0.00499259 0.00378246 0.00292326 0.00196002 0.00148359 0.00098919]


