Box 05 , z = 6 :
	 r[Mpc]	 [0.01790078 0.02253574 0.02837082 0.03571675 0.04496472 0.05660723 0.07126428 0.08971641 0.11294627 0.14219093 0.17900778 0.22535744 0.2837082  0.35716747 0.4496472  0.56607229 0.71264279 0.89716412 1.12946271 1.4219093  1.79007775 2.25357437 2.83708205]
	 xi	 [3.47015748e+01 2.68465946e+01 2.03777125e+01 1.50537031e+01 1.08225101e+01 7.56849554e+00 5.18068312e+00 3.51940772e+00 2.42829024e+00 1.72853348e+00 1.27275404e+00 9.72611386e-01 7.65191007e-01 5.95775643e-01 4.53197819e-01 3.30960243e-01 2.40004317e-01 1.69949051e-01 1.18700438e-01 7.42636675e-02 4.49161755e-02 2.20835451e-02 4.64862790e-03]
	 xi_err	 [6.32687772e+00 5.14997347e+00 4.09349635e+00 3.17724412e+00 2.40806796e+00 1.74928513e+00 1.20349770e+00 7.81730191e-01 4.86528059e-01 3.08980149e-01 2.14055364e-01 1.62119457e-01 1.30037001e-01 1.05630779e-01 8.05676097e-02 5.73534532e-02 4.37023683e-02 3.25154553e-02 2.52858264e-02 1.77236628e-02 1.17291794e-02 7.46950422e-03 4.90950857e-03]


Box 05 , z = 7 :
	 r[Mpc]	 [0.01790078 0.02253574 0.02837082 0.03571675 0.04496472 0.05660723 0.07126428 0.08971641 0.11294627 0.14219093 0.17900778 0.22535744 0.2837082  0.35716747 0.4496472  0.56607229 0.71264279 0.89716412 1.12946271 1.4219093  1.79007775 2.25357437 2.83708205]
	 xi	 [2.01910689e+01 1.53745884e+01 1.13692120e+01 8.23873977e+00 5.83319502e+00 4.05838855e+00 2.81974077e+00 2.00831023e+00 1.48743473e+00 1.13706338e+00 8.75473246e-01 6.80917125e-01 5.33945783e-01 4.22606122e-01 3.36484141e-01 2.50717161e-01 1.82725752e-01 1.29406287e-01 9.05288661e-02 5.72255029e-02 3.41253563e-02 1.71583390e-02 3.63605840e-03]
	 xi_err	 [4.01621829e+00 3.19959958e+00 2.45921842e+00 1.82470498e+00 1.29684954e+00 8.70529766e-01 5.60815494e-01 3.67301382e-01 2.50916783e-01 1.81885398e-01 1.32024893e-01 9.81832031e-02 7.78689121e-02 6.30517058e-02 5.45605883e-02 4.05418367e-02 3.07026258e-02 2.35437240e-02 1.82523871e-02 1.32312456e-02 8.93686037e-03 5.82975655e-03 3.74473756e-03]


Box 05 , z = 8 :
	 r[Mpc]	 [0.01790078 0.02253574 0.02837082 0.03571675 0.04496472 0.05660723 0.07126428 0.08971641 0.11294627 0.14219093 0.17900778 0.22535744 0.2837082  0.35716747 0.4496472  0.56607229 0.71264279 0.89716412 1.12946271 1.4219093  1.79007775 2.25357437 2.83708205]
	 xi	 [1.12586777e+01 8.52069058e+00 6.31167668e+00 4.56745235e+00 3.27795175e+00 2.37205129e+00 1.75572691e+00 1.32120579e+00 1.02161276e+00 7.96180282e-01 6.32379364e-01 5.09858512e-01 4.03069308e-01 3.20523091e-01 2.55864086e-01 1.98148485e-01 1.44917352e-01 1.02939637e-01 7.17149651e-02 4.58906005e-02 2.71033548e-02 1.37078257e-02 2.99382801e-03]
	 xi_err	 [2.12231935 1.70086827 1.31765693 0.96903694 0.67722887 0.45018618 0.29398588 0.19870559 0.14340037 0.10747168 0.08412069 0.06881195 0.05388257 0.04334229 0.03696534 0.0305761  0.02320139 0.01785119 0.01395638 0.01040511 0.00710383 0.00469367 0.00299767]


Box 05 , z = 9 :
	 r[Mpc]	 [0.01790078 0.02253574 0.02837082 0.03571675 0.04496472 0.05660723 0.07126428 0.08971641 0.11294627 0.14219093 0.17900778 0.22535744 0.2837082  0.35716747 0.4496472  0.56607229 0.71264279 0.89716412 1.12946271 1.4219093  1.79007775 2.25357437 2.83708205]
	 xi	 [6.61484948e+00 4.91693127e+00 3.62614915e+00 2.65086535e+00 1.95578059e+00 1.49064704e+00 1.16564869e+00 9.25412755e-01 7.40543472e-01 5.94658699e-01 4.76691259e-01 3.87736172e-01 3.13522596e-01 2.51507447e-01 2.01149399e-01 1.58036190e-01 1.17284234e-01 8.34916593e-02 5.80808375e-02 3.74823515e-02 2.19617569e-02 1.11009231e-02 2.51785061e-03]
	 xi_err	 [1.20450564 0.9217432  0.69103789 0.49947328 0.34865519 0.23524204 0.16254606 0.11919476 0.09030349 0.07110811 0.05645828 0.04670209 0.03852315 0.03166475 0.02661618 0.02279748 0.01793378 0.01388464 0.01092147 0.00831714 0.00573213 0.00380886 0.00244154]


Box 05 , z = 10 :
	 r[Mpc]	 [0.01790078 0.02253574 0.02837082 0.03571675 0.04496472 0.05660723 0.07126428 0.08971641 0.11294627 0.14219093 0.17900778 0.22535744 0.2837082  0.35716747 0.4496472  0.56607229 0.71264279 0.89716412 1.12946271 1.4219093  1.79007775 2.25357437 2.83708205]
	 xi	 [3.67985280e+00 2.73612832e+00 2.04552070e+00 1.56356994e+00 1.21819053e+00 1.00116314e+00 8.36350786e-01 6.90066337e-01 5.65140849e-01 4.61240896e-01 3.73773326e-01 3.05029109e-01 2.50625530e-01 2.03046307e-01 1.62944702e-01 1.28602241e-01 9.69329207e-02 6.91450133e-02 4.79672811e-02 3.11328294e-02 1.81659079e-02 9.19099592e-03 2.13415867e-03]
	 xi_err	 [0.66697512 0.51174177 0.37010167 0.26647484 0.18572865 0.13487203 0.10078075 0.07800919 0.06184959 0.04957747 0.04015782 0.03323319 0.02847591 0.02398561 0.02021404 0.01742718 0.01430359 0.01116528 0.00881051 0.00680411 0.00473853 0.00315409 0.00202713]


Box 05 , z = 11 :
	 r[Mpc]	 [0.01790078 0.02253574 0.02837082 0.03571675 0.04496472 0.05660723 0.07126428 0.08971641 0.11294627 0.14219093 0.17900778 0.22535744 0.2837082  0.35716747 0.4496472  0.56607229 0.71264279 0.89716412 1.12946271 1.4219093  1.79007775 2.25357437 2.83708205]
	 xi	 [2.11364828e+00 1.55655094e+00 1.19990718e+00 9.49102985e-01 7.98130144e-01 7.10480836e-01 6.28513570e-01 5.35655974e-01 4.47656225e-01 3.70112708e-01 3.03584174e-01 2.49146432e-01 2.05322947e-01 1.68079453e-01 1.35468382e-01 1.07374844e-01 8.15338738e-02 5.84190015e-02 4.05301044e-02 2.63520955e-02 1.53762223e-02 7.74007332e-03 1.84297629e-03]
	 xi_err	 [0.42037972 0.31083962 0.22310814 0.15720702 0.11402147 0.08480974 0.0668028  0.05348647 0.04384045 0.03634884 0.03017054 0.02520923 0.02163081 0.01876818 0.01597333 0.01389987 0.01165051 0.00922716 0.00732222 0.00569425 0.00400889 0.00266739 0.00171549]


Box 05 , z = 12 :
	 r[Mpc]	 [0.01790078 0.02253574 0.02837082 0.03571675 0.04496472 0.05660723 0.07126428 0.08971641 0.11294627 0.14219093 0.17900778 0.22535744 0.2837082  0.35716747 0.4496472  0.56607229 0.71264279 0.89716412 1.12946271 1.4219093  1.79007775 2.25357437 2.83708205]
	 xi	 [1.05698148 0.81687135 0.6523057  0.56536129 0.5211216  0.50762629 0.47687097 0.42024783 0.35766935 0.29854879 0.24824038 0.20454389 0.16917111 0.13928656 0.11281241 0.08977055 0.06846999 0.04936139 0.03422827 0.02229768 0.0130107  0.00652674 0.00157599]
	 xi_err	 [0.25504503 0.18505403 0.13536746 0.09913356 0.0742423  0.05799161 0.04633497 0.03772766 0.03145044 0.02676792 0.02273153 0.01935252 0.01671878 0.01469858 0.01268936 0.01114515 0.00947807 0.00765467 0.00611005 0.00478085 0.00339165 0.00225863 0.00144799]


Box 05 , z = 13 :
	 r[Mpc]	 [0.01790078 0.02253574 0.02837082 0.03571675 0.04496472 0.05660723 0.07126428 0.08971641 0.11294627 0.14219093 0.17900778 0.22535744 0.2837082  0.35716747 0.4496472  0.56607229 0.71264279 0.89716412 1.12946271 1.4219093  1.79007775 2.25357437 2.83708205]
	 xi	 [0.45438865 0.36945457 0.33333773 0.32925525 0.34789612 0.37774839 0.3767909  0.34312126 0.29441736 0.24849137 0.20830064 0.17296507 0.14327234 0.11831118 0.09630195 0.07685154 0.05881814 0.04259151 0.02950493 0.01926826 0.01123115 0.00561747 0.0013805 ]
	 xi_err	 [0.14766994 0.11175196 0.08645446 0.06678469 0.05400382 0.04250285 0.03462259 0.02816134 0.02373338 0.02043123 0.01788936 0.01537359 0.01340181 0.01187625 0.01043142 0.00921052 0.00793883 0.00650277 0.00521474 0.00410331 0.00292915 0.0019533  0.00124818]


Box 05 , z = 14 :
	 r[Mpc]	 [0.01790078 0.02253574 0.02837082 0.03571675 0.04496472 0.05660723 0.07126428 0.08971641 0.11294627 0.14219093 0.17900778 0.22535744 0.2837082  0.35716747 0.4496472  0.56607229 0.71264279 0.89716412 1.12946271 1.4219093  1.79007775 2.25357437 2.83708205]
	 xi	 [0.08327786 0.08310103 0.10883307 0.15364811 0.21525551 0.27531766 0.29867496 0.28060483 0.24562996 0.20791465 0.17500478 0.1464505  0.12166269 0.10089971 0.082333   0.06580179 0.05045752 0.03671432 0.02543394 0.01662746 0.00969011 0.00484296 0.00119269]
	 xi_err	 [0.08180702 0.06583835 0.05420006 0.04613034 0.03790498 0.03135122 0.02620337 0.02133231 0.0183586  0.01607682 0.01407049 0.01232688 0.01088356 0.00968667 0.00859542 0.00763734 0.00665739 0.00552336 0.0044586  0.00351831 0.00252722 0.00168716 0.00107524]


Box 05 , z = 15 :
	 r[Mpc]	 [0.01790078 0.02253574 0.02837082 0.03571675 0.04496472 0.05660723 0.07126428 0.08971641 0.11294627 0.14219093 0.17900778 0.22535744 0.2837082  0.35716747 0.4496472  0.56607229 0.71264279 0.89716412 1.12946271 1.4219093  1.79007775 2.25357437 2.83708205]
	 xi	 [-0.12912583 -0.08654661 -0.02655649  0.04290157  0.12370362  0.20203121  0.24460508  0.23777135  0.21086138  0.17923175  0.15105166  0.12711352  0.10594506  0.08798886  0.07200153  0.05764101  0.04430412  0.03232922  0.02239108  0.0146515   0.00854365  0.00425036  0.00105142]
	 xi_err	 [0.05221555 0.0432063  0.03723306 0.0325925  0.02836509 0.02474645 0.02072485 0.01708935 0.0146558  0.01297332 0.01159837 0.0102795  0.00912357 0.00817653 0.00730942 0.00653634 0.00574103 0.00480721 0.00390207 0.00308756 0.00222705 0.00148909 0.00094559]


Box 05 , z = 16 :
	 r[Mpc]	 [0.01790078 0.02253574 0.02837082 0.03571675 0.04496472 0.05660723 0.07126428 0.08971641 0.11294627 0.14219093 0.17900778 0.22535744 0.2837082  0.35716747 0.4496472  0.56607229 0.71264279 0.89716412 1.12946271 1.4219093  1.79007775 2.25357437 2.83708205]
	 xi	 [-0.25385119 -0.18924218 -0.11001903 -0.02869714  0.06010183  0.15504577  0.20637098  0.20687744  0.18594657  0.15822324  0.13429571  0.11304734  0.09452173  0.0784851   0.06438127  0.05172117  0.03973829  0.02904511  0.02013399  0.01319336  0.0076868   0.00382221  0.00095404]
	 xi_err	 [0.03765906 0.03125627 0.02941518 0.02566295 0.0231084  0.02012897 0.01687467 0.01428244 0.01236963 0.01098699 0.00988042 0.00892014 0.00790009 0.00712893 0.00641782 0.00575209 0.00507658 0.00428314 0.00349324 0.002773   0.0020025  0.00133999 0.00084891]


Box 05 , z = 17 :
	 r[Mpc]	 [0.01790078 0.02253574 0.02837082 0.03571675 0.04496472 0.05660723 0.07126428 0.08971641 0.11294627 0.14219093 0.17900778 0.22535744 0.2837082  0.35716747 0.4496472  0.56607229 0.71264279 0.89716412 1.12946271 1.4219093  1.79007775 2.25357437 2.83708205]
	 xi	 [-0.35883236 -0.27954972 -0.19333414 -0.10158142  0.00426272  0.10411529  0.16887036  0.17689493  0.16082199  0.13673702  0.11648139  0.09833236  0.08258485  0.06868294  0.05641271  0.0453479   0.03487529  0.02553879  0.01771487  0.01160306  0.00676826  0.00335435  0.0008452 ]
	 xi_err	 [0.0241269  0.0213988  0.02093287 0.01913041 0.01820446 0.01609249 0.01372031 0.01167856 0.01008142 0.00905813 0.00819829 0.00741274 0.00666873 0.00605684 0.00548302 0.00493931 0.00438869 0.00372708 0.00305415 0.00243105 0.00176103 0.00118005 0.00074615]


Box 05 , z = 18 :
	 r[Mpc]	 [0.01790078 0.02253574 0.02837082 0.03571675 0.04496472 0.05660723 0.07126428 0.08971641 0.11294627 0.14219093 0.17900778 0.22535744 0.2837082  0.35716747 0.4496472  0.56607229 0.71264279 0.89716412 1.12946271 1.4219093  1.79007775 2.25357437 2.83708205]
	 xi	 [-0.41875162 -0.34283266 -0.24080484 -0.15071186 -0.04224136  0.07150785  0.13913639  0.15528628  0.14223815  0.1217426   0.10356995  0.08777473  0.07371846  0.06141183  0.05054731  0.04061711  0.03137819  0.0229624   0.01593625  0.01045596  0.00609923  0.00302128  0.00076315]
	 xi_err	 [0.01632245 0.01603569 0.01644786 0.01604449 0.01454699 0.01348645 0.01158706 0.00968442 0.00854466 0.0076972  0.00709274 0.0064327  0.00583489 0.00530802 0.00482088 0.00435591 0.00389612 0.00332616 0.00273777 0.00218714 0.00158668 0.00106449 0.00067086]


Box 05 , z = 19 :
	 r[Mpc]	 [0.01790078 0.02253574 0.02837082 0.03571675 0.04496472 0.05660723 0.07126428 0.08971641 0.11294627 0.14219093 0.17900778 0.22535744 0.2837082  0.35716747 0.4496472  0.56607229 0.71264279 0.89716412 1.12946271 1.4219093  1.79007775 2.25357437 2.83708205]
	 xi	 [-0.47266597 -0.38596905 -0.29016674 -0.19192735 -0.07522146  0.04004074  0.11508216  0.13697535  0.12697668  0.10839685  0.09246472  0.07830754  0.06608712  0.05501906  0.04539252  0.03648541  0.02813509  0.02063176  0.01432155  0.00940276  0.00548889  0.00271683  0.00068954]
	 xi_err	 [0.01258655 0.01178019 0.01260939 0.01269328 0.01185092 0.01139326 0.00997059 0.00826921 0.00727217 0.00661666 0.00608941 0.0055829  0.00508687 0.00464459 0.00424036 0.00386006 0.00345368 0.00297145 0.00245408 0.00196225 0.00142798 0.00095771 0.00060236]


Box 15 , z = 6 :
	 r[Mpc]	 [0.05660723 0.07126428 0.08971641 0.11294627 0.14219093 0.17900778 0.22535744 0.2837082  0.35716747 0.4496472  0.56607229 0.71264279 0.89716412 1.12946271 1.4219093  1.79007775 2.25357437 2.83708205 3.57167468 4.49647202 5.66072289 7.1264279  8.97164117]
	 xi	 [9.16629688e+00 6.64368597e+00 4.75525541e+00 3.35051979e+00 2.38495737e+00 1.75554351e+00 1.32270867e+00 1.02085115e+00 7.92187584e-01 6.22134447e-01 4.88141809e-01 3.90255245e-01 3.08136553e-01 2.41331841e-01 1.89003644e-01 1.44413403e-01 1.02982409e-01 7.05906037e-02 4.71936372e-02 2.85485510e-02 1.56770036e-02 7.14348633e-03 2.74186937e-04]
	 xi_err	 [1.37595694 1.04079731 0.75882013 0.53302502 0.36055516 0.23776233 0.15903612 0.11483532 0.08545735 0.06658941 0.0522833  0.04291123 0.03479325 0.02808329 0.02380419 0.02032044 0.01553152 0.01190694 0.00935831 0.00695385 0.00471837 0.00318233 0.00206855]


Box 15 , z = 7 :
	 r[Mpc]	 [0.05660723 0.07126428 0.08971641 0.11294627 0.14219093 0.17900778 0.22535744 0.2837082  0.35716747 0.4496472  0.56607229 0.71264279 0.89716412 1.12946271 1.4219093  1.79007775 2.25357437 2.83708205 3.57167468 4.49647202 5.66072289 7.1264279  8.97164117]
	 xi	 [4.48058272e+00 3.24128798e+00 2.32886905e+00 1.72557768e+00 1.30127164e+00 1.03959518e+00 8.42548125e-01 6.82925221e-01 5.51005343e-01 4.39401390e-01 3.50543971e-01 2.80792650e-01 2.26033925e-01 1.79110953e-01 1.40772088e-01 1.08155462e-01 7.86498868e-02 5.39231671e-02 3.59109906e-02 2.19196420e-02 1.18904914e-02 5.42785407e-03 2.64877880e-04]
	 xi_err	 [0.64157222 0.47046306 0.33609311 0.23482307 0.15896229 0.11165192 0.08306292 0.06474602 0.05146986 0.04083837 0.03293857 0.02711074 0.02307139 0.01919791 0.01623738 0.0140242  0.01139263 0.00878912 0.00692852 0.00525412 0.00359557 0.00242368 0.00157254]


Box 15 , z = 8 :
	 r[Mpc]	 [0.05660723 0.07126428 0.08971641 0.11294627 0.14219093 0.17900778 0.22535744 0.2837082  0.35716747 0.4496472  0.56607229 0.71264279 0.89716412 1.12946271 1.4219093  1.79007775 2.25357437 2.83708205 3.57167468 4.49647202 5.66072289 7.1264279  8.97164117]
	 xi	 [2.19742234e+00 1.58042412e+00 1.20072952e+00 9.48011818e-01 7.89426387e-01 6.91265133e-01 5.93328137e-01 4.96272698e-01 4.06459730e-01 3.31785919e-01 2.67466978e-01 2.15227862e-01 1.73795278e-01 1.39678981e-01 1.10158993e-01 8.49437552e-02 6.22894872e-02 4.28772609e-02 2.84815109e-02 1.74713415e-02 9.40685443e-03 4.28689293e-03 2.41388856e-04]
	 xi_err	 [0.35421804 0.25178523 0.17726849 0.12323052 0.08755618 0.06506876 0.05043121 0.0398526  0.03317083 0.02753526 0.02267282 0.01892761 0.01615617 0.01400604 0.01192652 0.01042402 0.0087     0.00684103 0.00541201 0.00415686 0.00286901 0.00193216 0.00124506]


Box 15 , z = 9 :
	 r[Mpc]	 [0.05660723 0.07126428 0.08971641 0.11294627 0.14219093 0.17900778 0.22535744 0.2837082  0.35716747 0.4496472  0.56607229 0.71264279 0.89716412 1.12946271 1.4219093  1.79007775 2.25357437 2.83708205 3.57167468 4.49647202 5.66072289 7.1264279  8.97164117]
	 xi	 [9.81779978e-01 7.40385509e-01 6.05273075e-01 5.33259548e-01 4.87870263e-01 4.74592537e-01 4.35279368e-01 3.74174625e-01 3.12104355e-01 2.56715671e-01 2.09879592e-01 1.70003646e-01 1.37924178e-01 1.11365523e-01 8.81500441e-02 6.82711196e-02 5.02708283e-02 3.48073571e-02 2.30469331e-02 1.41596212e-02 7.62921081e-03 3.45378825e-03 2.18630844e-04]
	 xi_err	 [0.18776903 0.13209852 0.09515652 0.07008912 0.05417376 0.04161531 0.03277693 0.02659829 0.02249155 0.01907697 0.01636048 0.01377844 0.01194347 0.01046191 0.00904108 0.00798197 0.00678894 0.00544936 0.00433274 0.00334942 0.00233252 0.00156645 0.00100451]


Box 15 , z = 10 :
	 r[Mpc]	 [0.05660723 0.07126428 0.08971641 0.11294627 0.14219093 0.17900778 0.22535744 0.2837082  0.35716747 0.4496472  0.56607229 0.71264279 0.89716412 1.12946271 1.4219093  1.79007775 2.25357437 2.83708205 3.57167468 4.49647202 5.66072289 7.1264279  8.97164117]
	 xi	 [3.29231848e-01 2.73929874e-01 2.67959255e-01 2.79668990e-01 3.06442377e-01 3.37889146e-01 3.28699539e-01 2.92531724e-01 2.49939756e-01 2.04902750e-01 1.69294546e-01 1.38301538e-01 1.12296666e-01 9.08768184e-02 7.24056363e-02 5.61070052e-02 4.14498572e-02 2.88336367e-02 1.90480036e-02 1.17293433e-02 6.30887769e-03 2.84733069e-03 1.91245168e-04]
	 xi_err	 [0.08981665 0.07057594 0.05553052 0.04452675 0.03686    0.0293822  0.02323595 0.01913956 0.01624369 0.01393124 0.01218733 0.01056501 0.00920462 0.00813185 0.00715096 0.00632857 0.00545735 0.00445177 0.00355736 0.00276131 0.00193212 0.00129648 0.00082578]


Box 15 , z = 11 :
	 r[Mpc]	 [0.05660723 0.07126428 0.08971641 0.11294627 0.14219093 0.17900778 0.22535744 0.2837082  0.35716747 0.4496472  0.56607229 0.71264279 0.89716412 1.12946271 1.4219093  1.79007775 2.25357437 2.83708205 3.57167468 4.49647202 5.66072289 7.1264279  8.97164117]
	 xi	 [4.93158887e-03 1.74000003e-02 6.48450039e-02 1.22885414e-01 1.81298423e-01 2.42865542e-01 2.57302358e-01 2.37117673e-01 2.04399806e-01 1.68843404e-01 1.40021046e-01 1.14941154e-01 9.39813650e-02 7.60864601e-02 6.08043101e-02 4.72388928e-02 3.48920113e-02 2.43229995e-02 1.60878084e-02 9.92537882e-03 5.32466683e-03 2.40068833e-03 1.70252384e-04]
	 xi_err	 [0.05150277 0.04146314 0.03601529 0.0303345  0.02579399 0.02088451 0.01710639 0.01431447 0.01231521 0.0107011  0.00950499 0.00833698 0.00736116 0.00653085 0.00581473 0.00517488 0.00451    0.00371392 0.00298546 0.00232502 0.00163107 0.00109406 0.00069576]


Box 15 , z = 12 :
	 r[Mpc]	 [0.05660723 0.07126428 0.08971641 0.11294627 0.14219093 0.17900778 0.22535744 0.2837082  0.35716747 0.4496472  0.56607229 0.71264279 0.89716412 1.12946271 1.4219093  1.79007775 2.25357437 2.83708205 3.57167468 4.49647202 5.66072289 7.1264279  8.97164117]
	 xi	 [-2.03915709e-01 -1.48948914e-01 -7.45871021e-02  2.12510720e-03  8.96023407e-02  1.70396030e-01  2.00687211e-01  1.94657028e-01  1.68571133e-01  1.40326222e-01  1.16060321e-01  9.58981627e-02  7.84915845e-02  6.37815898e-02  5.10609886e-02  3.97416189e-02  2.94293919e-02  2.05538223e-02  1.35738429e-02  8.37972818e-03  4.50315962e-03  2.01921652e-03  1.46989085e-04]
	 xi_err	 [0.03131232 0.02667902 0.02399738 0.02081274 0.01838535 0.01531912 0.01296755 0.01107761 0.00924402 0.0082932  0.00742297 0.00667147 0.0059144  0.00530057 0.00474579 0.0042505  0.00372763 0.00311071 0.00251244 0.00195925 0.00137944 0.00092537 0.00058486]


Box 15 , z = 13 :
	 r[Mpc]	 [0.05660723 0.07126428 0.08971641 0.11294627 0.14219093 0.17900778 0.22535744 0.2837082  0.35716747 0.4496472  0.56607229 0.71264279 0.89716412 1.12946271 1.4219093  1.79007775 2.25357437 2.83708205 3.57167468 4.49647202 5.66072289 7.1264279  8.97164117]
	 xi	 [-3.24188752e-01 -2.56830497e-01 -1.71461374e-01 -7.41864480e-02  2.49043879e-02  1.19131665e-01  1.62904425e-01  1.63690591e-01  1.42493986e-01  1.18381363e-01  9.92188538e-02  8.19934062e-02  6.72640491e-02  5.47243216e-02  4.38389991e-02  3.41880253e-02  2.53073471e-02  1.76809404e-02  1.17056335e-02  7.23860931e-03  3.87660910e-03  1.73510808e-03  1.31400275e-04]
	 xi_err	 [0.01814377 0.01622708 0.01716243 0.01517033 0.01423449 0.01236155 0.01025383 0.00846438 0.00749705 0.00665974 0.00604161 0.00546916 0.00489489 0.00443506 0.00398577 0.00358641 0.00316334 0.00266415 0.00215938 0.00168785 0.00118996 0.000799   0.00050282]


Box 15 , z = 14 :
	 r[Mpc]	 [0.05660723 0.07126428 0.08971641 0.11294627 0.14219093 0.17900778 0.22535744 0.2837082  0.35716747 0.4496472  0.56607229 0.71264279 0.89716412 1.12946271 1.4219093  1.79007775 2.25357437 2.83708205 3.57167468 4.49647202 5.66072289 7.1264279  8.97164117]
	 xi	 [-4.11722463e-01 -3.30877397e-01 -2.37869001e-01 -1.38999939e-01 -3.01137587e-02  7.67201315e-02  1.30273975e-01  1.37988995e-01  1.20654282e-01  1.01181193e-01  8.45731055e-02  7.00449708e-02  5.77125272e-02  4.69855012e-02  3.77110562e-02  2.93798489e-02  2.17870358e-02  1.52589741e-02  1.00859220e-02  6.25351871e-03  3.33849860e-03  1.49377071e-03  1.16643446e-04]
	 xi_err	 [0.01147427 0.01214165 0.01241564 0.01183713 0.01095871 0.00986964 0.00825816 0.00673096 0.00599182 0.00546667 0.00493878 0.00452717 0.00408408 0.003703   0.00334225 0.00302552 0.00269181 0.00227841 0.0018578  0.00145353 0.00102747 0.00068975 0.00043331]


Box 15 , z = 15 :
	 r[Mpc]	 [0.05660723 0.07126428 0.08971641 0.11294627 0.14219093 0.17900778 0.22535744 0.2837082  0.35716747 0.4496472  0.56607229 0.71264279 0.89716412 1.12946271 1.4219093  1.79007775 2.25357437 2.83708205 3.57167468 4.49647202 5.66072289 7.1264279  8.97164117]
	 xi	 [-4.56805188e-01 -3.79957877e-01 -2.86479178e-01 -1.82919169e-01 -6.56772168e-02  4.53598385e-02  1.07124466e-01  1.18929642e-01  1.05584971e-01  8.79783448e-02  7.39073888e-02  6.15217405e-02  5.05355537e-02  4.11813297e-02  3.30405155e-02  2.58633169e-02  1.91509211e-02  1.34237482e-02  8.87401363e-03  5.49405840e-03  2.93682715e-03  1.32086460e-03  1.03389261e-04]
	 xi_err	 [0.01002956 0.01061351 0.0090619  0.00939043 0.00874467 0.00806723 0.00680105 0.00573491 0.00494475 0.00452684 0.00420114 0.00383887 0.00347895 0.00318709 0.00288527 0.00262109 0.00233611 0.00199612 0.00162874 0.00127649 0.0009044  0.00060647 0.0003801 ]


Box 35 , z = 6 :
	 r[Mpc]	 [ 0.11294627  0.14219093  0.17900778  0.22535744  0.2837082   0.35716747  0.4496472   0.56607229  0.71264279  0.89716412  1.12946271  1.4219093   1.79007775  2.25357437  2.83708205  3.57167468  4.49647202  5.66072289  7.1264279   8.97164117 11.29462706 14.21909302 17.90077754 22.53574373]
	 xi	 [ 2.67597446e+00  1.88741939e+00  1.36451403e+00  1.03399079e+00  8.24488480e-01  6.99371028e-01  6.12053482e-01  5.13172774e-01  4.20107154e-01  3.37290736e-01  2.70278132e-01  2.13902085e-01  1.69297968e-01  1.33795640e-01  1.04527026e-01  8.02734487e-02  5.95094883e-02  4.14551599e-02  2.69268803e-02  1.67261861e-02  9.31259554e-03  4.40545375e-03  1.66046695e-03 -9.15993301e-04]
	 xi_err	 [0.33064672 0.23924149 0.16255644 0.11129994 0.07748317 0.0567255  0.0420807  0.03347441 0.02643194 0.0216503  0.01831898 0.01505926 0.01256612 0.01075126 0.00927748 0.00793995 0.00698663 0.00578564 0.00451632 0.00357518 0.00264963 0.00179597 0.00125375 0.00080118]


Box 35 , z = 7 :
	 r[Mpc]	 [ 0.11294627  0.14219093  0.17900778  0.22535744  0.2837082   0.35716747  0.4496472   0.56607229  0.71264279  0.89716412  1.12946271  1.4219093   1.79007775  2.25357437  2.83708205  3.57167468  4.49647202  5.66072289  7.1264279   8.97164117 11.29462706 14.21909302 17.90077754 22.53574373]
	 xi	 [ 9.25104002e-01  6.72403453e-01  5.36375365e-01  4.63235636e-01  4.22318707e-01  4.06601072e-01  3.97957194e-01  3.57020428e-01  2.99723087e-01  2.45721098e-01  1.97858183e-01  1.59456448e-01  1.26152154e-01  1.00214010e-01  7.86992211e-02  6.07087996e-02  4.51070922e-02  3.15007496e-02  2.05093725e-02  1.27144525e-02  7.10996406e-03  3.31842508e-03  1.25555352e-03 -6.76969909e-04]
	 xi_err	 [0.13189516 0.09770857 0.07226797 0.05689976 0.04337598 0.03311811 0.02550486 0.02056485 0.01631263 0.01374539 0.01185768 0.01028117 0.00867242 0.00752158 0.00658744 0.00571833 0.00506402 0.00427536 0.00340609 0.00269857 0.00201298 0.00137115 0.00094918 0.00060399]


Box 35 , z = 8 :
	 r[Mpc]	 [ 0.11294627  0.14219093  0.17900778  0.22535744  0.2837082   0.35716747  0.4496472   0.56607229  0.71264279  0.89716412  1.12946271  1.4219093   1.79007775  2.25357437  2.83708205  3.57167468  4.49647202  5.66072289  7.1264279   8.97164117 11.29462706 14.21909302 17.90077754 22.53574373]
	 xi	 [ 0.20423072  0.13671842  0.13756822  0.1582082   0.19415543  0.24007774  0.273724    0.2632944   0.22905679  0.18926632  0.15320779  0.12394626  0.0989021   0.0785782   0.06192704  0.04795135  0.03564715  0.02497242  0.01628655  0.01009617  0.00564816  0.00261718  0.00099071 -0.00052694]
	 xi_err	 [0.06516647 0.04641116 0.03751298 0.03030328 0.02648292 0.0214455  0.01738216 0.01390077 0.01131552 0.00971323 0.00836264 0.00738763 0.00647932 0.00559479 0.00495563 0.00435841 0.00387423 0.00333157 0.00268519 0.00213291 0.00159522 0.00109129 0.00075043 0.00047695]


Box 35 , z = 9 :
	 r[Mpc]	 [ 0.11294627  0.14219093  0.17900778  0.22535744  0.2837082   0.35716747  0.4496472   0.56607229  0.71264279  0.89716412  1.12946271  1.4219093   1.79007775  2.25357437  2.83708205  3.57167468  4.49647202  5.66072289  7.1264279   8.97164117 11.29462706 14.21909302 17.90077754 22.53574373]
	 xi	 [-0.16310065 -0.15083145 -0.08889687 -0.01671564  0.0526035   0.12585203  0.18942591  0.20164894  0.18019007  0.15034977  0.12150181  0.09871468  0.07937656  0.06322753  0.04999367  0.03870969  0.02882577  0.02016934  0.0131772   0.00816722  0.00458099  0.00212196  0.00080406 -0.00041739]
	 xi_err	 [0.03159448 0.02561717 0.02158365 0.01945146 0.01658184 0.01456564 0.01185891 0.01000931 0.00821275 0.00699313 0.00622064 0.00558985 0.00490886 0.00434038 0.00385938 0.00342403 0.00306214 0.00264812 0.00216386 0.00172277 0.00128885 0.00088613 0.0006069  0.0003845 ]


Box 35 , z = 10 :
	 r[Mpc]	 [ 0.11294627  0.14219093  0.17900778  0.22535744  0.2837082   0.35716747  0.4496472   0.56607229  0.71264279  0.89716412  1.12946271  1.4219093   1.79007775  2.25357437  2.83708205  3.57167468  4.49647202  5.66072289  7.1264279   8.97164117 11.29462706 14.21909302 17.90077754 22.53574373]
	 xi	 [-3.52742713e-01 -2.94474454e-01 -2.21497987e-01 -1.27990717e-01 -3.89753304e-02  5.27551489e-02  1.33761993e-01  1.54622353e-01  1.45849910e-01  1.21952833e-01  9.96463717e-02  8.07712576e-02  6.51164702e-02  5.20681104e-02  4.11426505e-02  3.19103393e-02  2.38216068e-02  1.66643747e-02  1.09118996e-02  6.73020729e-03  3.78407886e-03  1.74603740e-03  6.64580248e-04 -3.39922006e-04]
	 xi_err	 [0.01764809 0.01569205 0.01436963 0.01373138 0.01213533 0.01074812 0.00903859 0.00734021 0.00615986 0.00535199 0.00482062 0.00430873 0.00386043 0.00345101 0.00309682 0.00275975 0.00247611 0.00216433 0.00178227 0.00142025 0.00106659 0.00073364 0.00050023 0.00031649]


Box 35 , z = 11 :
	 r[Mpc]	 [ 0.11294627  0.14219093  0.17900778  0.22535744  0.2837082   0.35716747  0.4496472   0.56607229  0.71264279  0.89716412  1.12946271  1.4219093   1.79007775  2.25357437  2.83708205  3.57167468  4.49647202  5.66072289  7.1264279   8.97164117 11.29462706 14.21909302 17.90077754 22.53574373]
	 xi	 [-4.55597092e-01 -3.78162247e-01 -3.00689369e-01 -2.06612490e-01 -1.11269024e-01 -1.75117181e-03  9.27203511e-02  1.24156746e-01  1.20540960e-01  1.02420461e-01  8.29668762e-02  6.77428496e-02  5.46526911e-02  4.37736827e-02  3.46376930e-02  2.68715315e-02  2.00559848e-02  1.40623453e-02  9.20704030e-03  5.68634041e-03  3.20098753e-03  1.46942511e-03  5.58677790e-04 -2.83008887e-04]
	 xi_err	 [0.01337705 0.01025379 0.01024435 0.00959361 0.00810503 0.00856471 0.00676555 0.00576201 0.00468832 0.00426815 0.00381963 0.00351832 0.00315308 0.0028497  0.00255011 0.00228972 0.00205203 0.00180925 0.00149932 0.001197   0.00090043 0.00061982 0.00042197 0.00026686]


Box 35 , z = 12 :
	 r[Mpc]	 [ 0.11294627  0.14219093  0.17900778  0.22535744  0.2837082   0.35716747  0.4496472   0.56607229  0.71264279  0.89716412  1.12946271  1.4219093   1.79007775  2.25357437  2.83708205  3.57167468  4.49647202  5.66072289  7.1264279   8.97164117 11.29462706 14.21909302 17.90077754 22.53574373]
	 xi	 [-5.18713847e-01 -4.41300931e-01 -3.64368336e-01 -2.66934089e-01 -1.61459564e-01 -4.32519579e-02  5.60977071e-02  1.00104883e-01  1.01491406e-01  8.56271048e-02  6.93233730e-02  5.69593222e-02  4.60030880e-02  3.68631716e-02  2.91626987e-02  2.26578947e-02  1.69377229e-02  1.18660638e-02  7.78202096e-03  4.79859718e-03  2.69066762e-03  1.23860556e-03  4.74072135e-04 -2.34506644e-04]
	 xi_err	 [0.00888468 0.00751761 0.00729891 0.00655415 0.00663084 0.00630019 0.00564245 0.00456165 0.00372647 0.00336105 0.00302198 0.00283846 0.00257701 0.00230548 0.00209708 0.00190307 0.00171362 0.0015126  0.00126436 0.00101195 0.00076032 0.00052355 0.0003561  0.00022435]


Box 90 , z = 6 :
	 r[Mpc]	 [ 0.2837082   0.35716747  0.4496472   0.56607229  0.71264279  0.89716412  1.12946271  1.4219093   1.79007775  2.25357437  2.83708205  3.57167468  4.49647202  5.66072289  7.1264279   8.97164117 11.29462706 14.21909302 17.90077754 22.53574373 28.37082046 35.71674683 44.96472021 56.60722891]
	 xi	 [-6.38950633e-02 -5.33412840e-02 -3.16440244e-02  2.18239172e-02  7.59334945e-02  1.36524351e-01  1.85801989e-01  1.91526266e-01  1.69202733e-01  1.37555687e-01  1.07789711e-01  8.41974214e-02  6.50301806e-02  4.96858054e-02  3.75021923e-02  2.77477206e-02  1.96190728e-02  1.28100184e-02  7.62980387e-03  4.20062500e-03  2.10320702e-03  7.60831440e-04  3.08552827e-04 -1.22098447e-04]
	 xi_err	 [0.03008186 0.02293559 0.01757004 0.01531917 0.01239774 0.01072501 0.00852778 0.00694046 0.00549745 0.0047613  0.00407306 0.00361947 0.00320711 0.00281164 0.00245432 0.00213271 0.00186259 0.00162971 0.00132551 0.00103592 0.00077138 0.00053869 0.00038156 0.00025518]


Box 90 , z = 7 :
	 r[Mpc]	 [ 0.2837082   0.35716747  0.4496472   0.56607229  0.71264279  0.89716412  1.12946271  1.4219093   1.79007775  2.25357437  2.83708205  3.57167468  4.49647202  5.66072289  7.1264279   8.97164117 11.29462706 14.21909302 17.90077754 22.53574373 28.37082046 35.71674683 44.96472021 56.60722891]
	 xi	 [-3.49574849e-01 -2.84026928e-01 -2.21031702e-01 -1.45451481e-01 -6.16522253e-02  2.81889279e-02  1.07951114e-01  1.35540271e-01  1.26285396e-01  1.03539905e-01  8.09445169e-02  6.38432795e-02  4.91622033e-02  3.76976668e-02  2.84422734e-02  2.10994984e-02  1.49783076e-02  9.73007870e-03  5.77596637e-03  3.18355660e-03  1.60811964e-03  5.69239067e-04  2.35232140e-04 -8.93596367e-05]
	 xi_err	 [0.01321399 0.01149907 0.01011334 0.00894721 0.00835115 0.00655323 0.00591846 0.00458071 0.00367271 0.0032506  0.00294131 0.00257274 0.00231872 0.00206778 0.00182595 0.00160028 0.00139594 0.00122576 0.0010075  0.00079113 0.00058737 0.00040856 0.00028976 0.00019292]


Box 90 , z = 8 :
	 r[Mpc]	 [ 0.2837082   0.35716747  0.4496472   0.56607229  0.71264279  0.89716412  1.12946271  1.4219093   1.79007775  2.25357437  2.83708205  3.57167468  4.49647202  5.66072289  7.1264279   8.97164117 11.29462706 14.21909302 17.90077754 22.53574373 28.37082046 35.71674683 44.96472021 56.60722891]
	 xi	 [-4.72070460e-01 -4.01539763e-01 -3.23863488e-01 -2.39928482e-01 -1.41979565e-01 -3.92677804e-02  5.82766237e-02  9.85621841e-02  9.90181262e-02  8.17299900e-02  6.41762255e-02  5.01151292e-02  3.89619719e-02  2.98986010e-02  2.25369619e-02  1.67218179e-02  1.18818484e-02  7.72754791e-03  4.58719820e-03  2.52762425e-03  1.26469147e-03  4.52936000e-04  1.86627438e-04 -7.08742096e-05]
	 xi_err	 [0.00925924 0.00712704 0.00527313 0.0056484  0.0052559  0.00516213 0.00432099 0.00344731 0.00282652 0.00240781 0.00218439 0.00197269 0.0017809  0.00159437 0.00141507 0.00125594 0.00109641 0.00096498 0.00080278 0.00062969 0.00046647 0.0003253  0.00023101 0.00015297]


Box 90 , z = 9 :
	 r[Mpc]	 [ 0.2837082   0.35716747  0.4496472   0.56607229  0.71264279  0.89716412  1.12946271  1.4219093   1.79007775  2.25357437  2.83708205  3.57167468  4.49647202  5.66072289  7.1264279   8.97164117 11.29462706 14.21909302 17.90077754 22.53574373 28.37082046 35.71674683 44.96472021 56.60722891]
	 xi	 [-5.67211063e-01 -4.76089124e-01 -3.96433115e-01 -3.02254866e-01 -1.99876500e-01 -8.44025562e-02  2.28998789e-02  7.32941674e-02  7.99907842e-02  6.62232589e-02  5.14566909e-02  4.02554412e-02  3.15830414e-02  2.42282554e-02  1.82484753e-02  1.35567164e-02  9.61399185e-03  6.24048243e-03  3.71660388e-03  2.03240343e-03  1.02559020e-03  3.70064495e-04  1.50383666e-04 -5.63548508e-05]
	 xi_err	 [0.00637285 0.00495104 0.00403556 0.00394541 0.00433949 0.00373129 0.00331163 0.00268313 0.00208784 0.00177868 0.00170252 0.001533   0.00142475 0.00127059 0.00113657 0.00100847 0.00088186 0.00077862 0.00064919 0.00051153 0.0003786  0.0002633  0.00018698 0.0001235 ]


Box 90 , z = 10 :
	 r[Mpc]	 [ 0.2837082   0.35716747  0.4496472   0.56607229  0.71264279  0.89716412  1.12946271  1.4219093   1.79007775  2.25357437  2.83708205  3.57167468  4.49647202  5.66072289  7.1264279   8.97164117 11.29462706 14.21909302 17.90077754 22.53574373 28.37082046 35.71674683 44.96472021 56.60722891]
	 xi	 [-6.08440095e-01 -5.18618898e-01 -4.43648501e-01 -3.46867825e-01 -2.36680589e-01 -1.18211984e-01 -2.58475517e-03  5.46368358e-02  6.57568134e-02  5.50565094e-02  4.25054309e-02  3.35086757e-02  2.60487507e-02  1.99363384e-02  1.51295402e-02  1.12032650e-02  7.98769353e-03  5.15523948e-03  3.06614586e-03  1.68813307e-03  8.47869581e-04  3.05561235e-04  1.23313326e-04 -4.54240585e-05]
	 xi_err	 [0.00658325 0.00424932 0.00467369 0.00382969 0.00313677 0.00308783 0.00272489 0.00215307 0.00169282 0.00148851 0.00129416 0.00124483 0.00113937 0.00103619 0.00092011 0.00082649 0.00072874 0.00063626 0.00053652 0.00042277 0.00031336 0.00021721 0.00015418 0.00010235]


